2 0.5671875 0.428125 0.2265625 0.1328125
2 0.34296875 0.3234375 0.1640625 0.090625
2 0.503125 0.3078125 0.1234375 0.1
2 0.6171875 0.24453125 0.090625 0.1015625
2 0.7546875 0.32109375 0.221875 0.1015625
2 0.26171875 0.51875 0.278125 0.096875
2 0.41171875 0.64609375 0.1140625 0.2359375
2 0.60859375 0.64453125 0.1640625 0.1859375
2 0.828125 0.64609375 0.1625 0.196875
2 0.26953125 0.1734375 0.2 0.175
2 0.21328125 0.41875 0.15 0.24375
2 0.7203125 0.421875 0.18125 0.1125
2 0.834375 0.5125 0.1703125 0.0625
2 0.0453125 0.453125 0.090625 0.178125
2 0.0796875 0.08828125 0.159375 0.0765625