19 0.88359375 0.575 0.1625 0.2
19 0.82578125 0.70703125 0.1421875 0.1671875
19 0.94609375 0.875 0.103125 0.1375
19 0.72734375 0.81484375 0.1125 0.159375
19 0.5328125 0.61171875 0.165625 0.2171875
19 0.53125 0.31328125 0.146875 0.1796875
19 0.59765625 0.4453125 0.0890625 0.103125
19 0.69921875 0.4125 0.1359375 0.175
19 0.69375 0.21328125 0.1359375 0.178125
19 0.2625 0.4109375 0.125 0.1421875
19 0.19921875 0.303125 0.125 0.1296875
19 0.340625 0.92109375 0.134375 0.1578125
19 0.55078125 0.83984375 0.1046875 0.14375
19 0.4328125 0.18671875 0.0890625 0.0984375
19 0.371875 0.28203125 0.109375 0.1125
19 0.746875 0.59296875 0.109375 0.1421875
19 0.16015625 0.78984375 0.1734375 0.1875
19 0.08359375 0.59375 0.1359375 0.1296875