19 0.67421875 0.81484375 0.1140625 0.090625
19 0.65078125 0.7296875 0.1328125 0.103125
19 0.86484375 0.64375 0.1125 0.0734375
19 0.57109375 0.89765625 0.075 0.06875
19 0.7421875 0.59921875 0.10625 0.096875
19 0.9421875 0.53203125 0.1 0.0625
19 0.88046875 0.45859375 0.0953125 0.0640625
19 0.603125 0.38984375 0.084375 0.0625
19 0.50390625 0.3984375 0.0984375 0.08125
19 0.4046875 0.35625 0.115625 0.0765625
19 0.3984375 0.43828125 0.1109375 0.084375
19 0.28046875 0.41171875 0.13125 0.09375
19 0.29921875 0.32109375 0.1 0.075
19 0.1796875 0.27109375 0.0953125 0.0671875
19 0.24609375 0.2171875 0.090625 0.0546875
19 0.05390625 0.53203125 0.1078125 0.0765625
19 0.13984375 0.5921875 0.1484375 0.1015625
19 0.12109375 0.69453125 0.1234375 0.08125
19 0.121875 0.76328125 0.0984375 0.0671875
19 0.34375 0.82109375 0.1265625 0.1015625
19 0.46875 0.74296875 0.1078125 0.0859375
19 0.3703125 0.69765625 0.09375 0.075
19 0.43046875 0.628125 0.128125 0.1015625
19 0.5015625 0.578125 0.071875 0.05
19 0.5890625 0.59140625 0.1015625 0.09375
19 0.4859375 0.5109375 0.115625 0.096875
19 0.184375 0.475 0.115625 0.078125