2 0.51875 0.309375 0.15625 0.3953125
2 0.2265625 0.1328125 0.084375 0.16875
2 0.10390625 0.2578125 0.2078125 0.0703125
2 0.171875 0.1984375 0.1171875 0.08125
2 0.2265625 0.33046875 0.090625 0.1578125
2 0.3734375 0.21171875 0.2 0.109375
2 0.34921875 0.33203125 0.125 0.0515625
2 0.75703125 0.1796875 0.2078125 0.096875
2 0.6328125 0.14296875 0.0546875 0.1140625
2 0.71171875 0.29765625 0.2140625 0.103125
2 0.74375 0.56953125 0.4078125 0.1109375
2 0.31875 0.5640625 0.3859375 0.109375
2 0.265625 0.46640625 0.4 0.103125
2 0.74140625 0.49921875 0.371875 0.0984375
2 0.49140625 0.71328125 0.1515625 0.321875
2 0.24609375 0.7625 0.1203125 0.184375
2 0.228125 0.628125 0.2203125 0.290625
2 0.83359375 0.715625 0.1890625 0.209375
2 0.05234375 0.81640625 0.1046875 0.1609375
2 0.5984375 0.82265625 0.09375 0.1125