17 0.5765625 0.0921875 0.1703125 0.1515625
17 0.87265625 0.07109375 0.2375 0.1015625
17 0.6515625 0.32265625 0.1390625 0.2125
17 0.7359375 0.49296875 0.478125 0.1796875
17 0.35703125 0.4171875 0.2 0.234375
17 0.53203125 0.63984375 0.234375 0.2109375
17 0.17265625 0.5484375 0.2578125 0.0890625
17 0.3109375 0.61875 0.215625 0.1265625
17 0.08203125 0.70859375 0.1640625 0.1578125
17 0.134375 0.909375 0.26875 0.0796875
17 0.4734375 0.81328125 0.3609375 0.1609375
17 0.73515625 0.73828125 0.23125 0.165625