19 0.5734375 0.89765625 0.078125 0.06875
19 0.67421875 0.8125 0.1140625 0.0875
19 0.6515625 0.728125 0.134375 0.10625
19 0.59765625 0.6765625 0.0875 0.071875
19 0.58828125 0.5890625 0.103125 0.09375
19 0.50234375 0.57578125 0.0734375 0.0515625
19 0.43125 0.6265625 0.1296875 0.0984375
19 0.3703125 0.69609375 0.0953125 0.075
19 0.3453125 0.81953125 0.125 0.1046875
19 0.121875 0.7609375 0.0984375 0.0703125
19 0.115625 0.69296875 0.1125 0.08125
19 0.225 0.67421875 0.11875 0.0859375
19 0.053125 0.53125 0.10625 0.075
19 0.184375 0.4734375 0.115625 0.08125
19 0.2796875 0.41171875 0.13125 0.096875
19 0.4015625 0.35390625 0.1140625 0.0765625
19 0.39921875 0.4359375 0.1125 0.084375
19 0.503125 0.39765625 0.0953125 0.08125
19 0.6046875 0.38828125 0.08125 0.0625
19 0.48515625 0.509375 0.115625 0.096875
19 0.2984375 0.3203125 0.096875 0.0765625
19 0.17890625 0.2703125 0.096875 0.065625
19 0.46953125 0.74140625 0.1078125 0.084375
19 0.74296875 0.59375 0.1078125 0.0921875
19 0.86796875 0.640625 0.115625 0.0703125
19 0.94375 0.5296875 0.1015625 0.0609375
19 0.8796875 0.45625 0.09375 0.065625