25 0.68359375 0.51796875 0.2046875 0.2578125
25 0.48671875 0.703125 0.15625 0.2421875
25 0.50234375 0.53515625 0.0671875 0.084375
25 0.428125 0.53359375 0.08125 0.09375
25 0.45703125 0.32734375 0.159375 0.253125
25 0.3296875 0.45703125 0.1484375 0.2546875
25 0.36640625 0.67265625 0.1296875 0.2046875
25 0.61484375 0.70625 0.134375 0.20625
25 0.3875 0.85 0.096875 0.165625
25 0.2703125 0.85390625 0.1578125 0.2359375
25 0.165625 0.71875 0.096875 0.1640625
25 0.11171875 0.6140625 0.121875 0.209375
25 0.10234375 0.84296875 0.1078125 0.1625