16 0.58515625 0.66328125 0.096875 0.1078125
16 0.5125 0.60390625 0.0953125 0.1484375
16 0.5171875 0.7515625 0.0796875 0.109375
16 0.61953125 0.7328125 0.090625 0.0875
16 0.63046875 0.57421875 0.1140625 0.13125
16 0.615625 0.4421875 0.1234375 0.109375
16 0.52578125 0.41171875 0.059375 0.0796875
16 0.53671875 0.5078125 0.0546875 0.1015625
16 0.5453125 0.30703125 0.0875 0.10625
16 0.6015625 0.2453125 0.0578125 0.078125
16 0.61328125 0.32734375 0.053125 0.0859375
16 0.678125 0.26015625 0.10625 0.103125
16 0.628125 0.15390625 0.0953125 0.1265625
16 0.46953125 0.13671875 0.1046875 0.1640625
16 0.39921875 0.10546875 0.0609375 0.109375
16 0.33828125 0.146875 0.0921875 0.1375