17 0.35859375 0.1328125 0.1890625 0.203125
17 0.14453125 0.271875 0.1703125 0.1234375
17 0.43671875 0.24375 0.2171875 0.29375
17 0.671875 0.0984375 0.165625 0.128125
17 0.79609375 0.0890625 0.2765625 0.1703125
17 0.659375 0.2609375 0.1265625 0.1265625
17 0.6328125 0.4828125 0.21875 0.1578125
17 0.584375 0.3359375 0.2265625 0.1515625
17 0.90703125 0.86171875 0.1265625 0.2296875
17 0.70390625 0.67578125 0.2484375 0.384375
17 0.878125 0.4125 0.24375 0.11875
17 0.353125 0.60859375 0.15 0.234375
17 0.1609375 0.44296875 0.2546875 0.09375
17 0.17578125 0.56640625 0.1921875 0.18125
17 0.41796875 0.4140625 0.1734375 0.1296875