25 0.48203125 0.68359375 0.2578125 0.2046875
25 0.296875 0.48671875 0.2421875 0.15625
25 0.46484375 0.50234375 0.084375 0.0671875
25 0.46640625 0.428125 0.09375 0.08125
25 0.67265625 0.45703125 0.253125 0.159375
25 0.54296875 0.3296875 0.2546875 0.1484375
25 0.32734375 0.36640625 0.2046875 0.1296875
25 0.29375 0.61484375 0.20625 0.134375
25 0.15 0.3875 0.165625 0.096875
25 0.14609375 0.2703125 0.2359375 0.1578125
25 0.28125 0.165625 0.1640625 0.096875
25 0.3859375 0.11171875 0.209375 0.121875
25 0.15703125 0.10234375 0.1625 0.1078125