2 0.4875 0.30859375 0.153125 0.3953125
2 0.68046875 0.56640625 0.3875 0.115625
2 0.78046875 0.63203125 0.2140625 0.2890625
2 0.7640625 0.7671875 0.1203125 0.1890625
2 0.51484375 0.7109375 0.15 0.3234375
2 0.171875 0.69375 0.1921875 0.259375
2 0.26484375 0.57109375 0.409375 0.115625
2 0.26953125 0.49765625 0.3859375 0.0984375
2 0.7796875 0.328125 0.0890625 0.1578125
2 0.896875 0.25625 0.20625 0.0703125
2 0.83203125 0.1984375 0.1203125 0.08125
2 0.77890625 0.13515625 0.084375 0.171875
2 0.63046875 0.209375 0.184375 0.109375
2 0.2484375 0.1796875 0.215625 0.0984375
2 0.28984375 0.296875 0.20625 0.10625
2 0.953125 0.8109375 0.09375 0.159375
2 0.353125 0.10546875 0.1 0.1734375
2 0.75 0.4671875 0.390625 0.10625