0 0.19375 0.6609375 0.128125 0.10625
0 0.29921875 0.58046875 0.115625 0.1109375
0 0.46953125 0.63828125 0.0515625 0.0609375
0 0.44921875 0.55390625 0.0359375 0.059375
0 0.3890625 0.5296875 0.0625 0.078125
0 0.3921875 0.47265625 0.059375 0.109375
0 0.47890625 0.55703125 0.0421875 0.0671875
0 0.4265625 0.66953125 0.053125 0.1140625
0 0.40390625 0.59140625 0.0546875 0.059375
0 0.36875 0.6625 0.0671875 0.1109375
0 0.3171875 0.71171875 0.0796875 0.18125
0 0.23671875 0.41484375 0.096875 0.1265625
0 0.23515625 0.49765625 0.125 0.1171875