4 0.7171875 0.4703125 0.3921875 0.2796875
4 0.48203125 0.365625 0.14375 0.2
4 0.49296875 0.5984375 0.1546875 0.2375
4 0.23671875 0.43515625 0.4078125 0.278125
4 0.49921875 0.14921875 0.1859375 0.2984375
4 0.49375 0.8109375 0.1921875 0.3765625
4 0.69375 0.79296875 0.221875 0.2703125
4 0.78828125 0.26875 0.1171875 0.175
4 0.6421875 0.2734375 0.128125 0.2125
4 0.375 0.19296875 0.0890625 0.2015625
4 0.17578125 0.23671875 0.15 0.0953125
4 0.15546875 0.0703125 0.1203125 0.10625
4 0.23984375 0.7171875 0.2 0.165625
4 0.20234375 0.85546875 0.209375 0.1390625
4 0.07890625 0.64140625 0.1453125 0.2671875