2 0.43359375 0.8046875 0.15625 0.3734375
2 0.62421875 0.61484375 0.3203125 0.1046875
2 0.6765625 0.7234375 0.35 0.15625
2 0.790625 0.84921875 0.2296875 0.2109375
2 0.27890625 0.58828125 0.290625 0.09375
2 0.20859375 0.46015625 0.3453125 0.1921875
2 0.44375 0.37734375 0.1734375 0.3765625
2 0.603125 0.4375 0.1734375 0.2296875
2 0.80234375 0.1546875 0.1890625 0.309375
2 0.5390625 0.0703125 0.36875 0.128125
2 0.1984375 0.16328125 0.1171875 0.115625
2 0.34375 0.18984375 0.1453125 0.075
2 0.15 0.3375 0.2140625 0.084375
2 0.33046875 0.06015625 0.2265625 0.0859375
2 0.2296875 0.83046875 0.2890625 0.1765625