19 0.76953125 0.72578125 0.2078125 0.1671875
19 0.478125 0.778125 0.1640625 0.1328125
19 0.28984375 0.9125 0.1890625 0.159375
19 0.1078125 0.66484375 0.184375 0.128125
19 0.20546875 0.3046875 0.18125 0.1140625
19 0.37265625 0.3046875 0.1609375 0.1078125
19 0.378125 0.21328125 0.1578125 0.096875
19 0.50234375 0.39609375 0.16875 0.1328125
19 0.4203125 0.584375 0.19375 0.1453125
19 0.52265625 0.51328125 0.103125 0.0703125
19 0.65078125 0.5328125 0.14375 0.1328125
19 0.87578125 0.5375 0.1421875 0.140625
19 0.66953125 0.65546875 0.1296875 0.1015625
19 0.809375 0.85703125 0.175 0.1421875
19 0.32734375 0.728125 0.1359375 0.10625