17 0.3640625 0.1375 0.19375 0.203125
17 0.67578125 0.1046875 0.1671875 0.1359375
17 0.77265625 0.08359375 0.265625 0.1453125
17 0.43359375 0.25859375 0.2234375 0.2734375
17 0.14375 0.278125 0.16875 0.1390625
17 0.153125 0.446875 0.2390625 0.0953125
17 0.42109375 0.421875 0.184375 0.1265625
17 0.1765625 0.5671875 0.19375 0.1921875
17 0.353125 0.6078125 0.1484375 0.2453125
17 0.87890625 0.41953125 0.2421875 0.115625
17 0.63046875 0.48984375 0.215625 0.1625
17 0.703125 0.68359375 0.246875 0.378125
17 0.58515625 0.3421875 0.225 0.1578125