19 0.73828125 0.91796875 0.140625 0.1171875
19 0.88203125 0.86171875 0.1609375 0.1203125
19 0.5875 0.7890625 0.071875 0.059375
19 0.74921875 0.7765625 0.0734375 0.05625
19 0.59375 0.578125 0.2078125 0.1546875
19 0.38984375 0.63828125 0.15 0.115625
19 0.27734375 0.515625 0.11875 0.0890625
19 0.1796875 0.48828125 0.1265625 0.0828125
19 0.12890625 0.36484375 0.121875 0.0765625
19 0.25234375 0.440625 0.0671875 0.046875
19 0.384375 0.4890625 0.0953125 0.071875
19 0.33046875 0.3453125 0.15 0.10625
19 0.46953125 0.365625 0.0796875 0.0546875
19 0.54609375 0.35625 0.0703125 0.0625
19 0.63046875 0.41015625 0.0890625 0.0703125
19 0.0765625 0.25546875 0.1359375 0.084375
19 0.26171875 0.234375 0.1234375 0.090625
19 0.4953125 0.20234375 0.1296875 0.0921875
19 0.6 0.31640625 0.0828125 0.065625
19 0.6203125 0.2359375 0.06875 0.0515625
19 0.70546875 0.2421875 0.08125 0.05
19 0.7109375 0.18828125 0.078125 0.053125
19 0.7078125 0.33984375 0.125 0.0765625