19 0.63203125 0.89375 0.1609375 0.2125
19 0.50390625 0.8421875 0.0859375 0.11875
19 0.49296875 0.66640625 0.1203125 0.146875
19 0.39921875 0.9265625 0.1484375 0.146875
19 0.53046875 0.53125 0.1484375 0.196875
19 0.66640625 0.32578125 0.1203125 0.1484375
19 0.675 0.4828125 0.16875 0.2109375
19 0.86484375 0.5984375 0.140625 0.1671875
19 0.80234375 0.3265625 0.1484375 0.2296875
19 0.93046875 0.31640625 0.1390625 0.19375
19 0.66875 0.18046875 0.1234375 0.1546875
19 0.26015625 0.69296875 0.125 0.1796875
19 0.39453125 0.55390625 0.1203125 0.184375
19 0.41171875 0.3296875 0.1234375 0.1421875
19 0.5265625 0.17734375 0.1328125 0.1765625