19 0.07421875 0.40078125 0.1484375 0.15
19 0.31015625 0.259375 0.1796875 0.1265625
19 0.15703125 0.5046875 0.1140625 0.0859375
19 0.10703125 0.6328125 0.2140625 0.1609375
19 0.33359375 0.49453125 0.1421875 0.1203125
19 0.4703125 0.5328125 0.2 0.1484375
19 0.4015625 0.86796875 0.1625 0.1421875
19 0.51953125 0.67890625 0.215625 0.1703125
19 0.67734375 0.6703125 0.15 0.11875
19 0.8234375 0.67265625 0.153125 0.1234375
19 0.82734375 0.5296875 0.1796875 0.134375
19 0.67265625 0.4125 0.1421875 0.121875
19 0.67578125 0.80859375 0.23125 0.1515625
19 0.68515625 0.9328125 0.1890625 0.134375
19 0.4484375 0.38671875 0.1859375 0.103125
19 0.75 0.3328125 0.125 0.08125