2 0.82421875 0.64609375 0.1671875 0.2
2 0.828125 0.51484375 0.18125 0.065625
2 0.7109375 0.421875 0.1921875 0.115625
2 0.7546875 0.31796875 0.228125 0.0953125
2 0.6015625 0.2984375 0.0828125 0.1265625
2 0.86015625 0.34921875 0.0859375 0.1390625
2 0.603125 0.646875 0.1671875 0.1859375
2 0.5875 0.48046875 0.3 0.0734375
2 0.56171875 0.4328125 0.2515625 0.1421875
2 0.4953125 0.30390625 0.1296875 0.1015625
2 0.25234375 0.17265625 0.203125 0.18125
2 0.196875 0.41640625 0.1546875 0.2546875
2 0.4015625 0.65234375 0.1234375 0.2359375
2 0.24453125 0.5234375 0.290625 0.1015625
2 0.328125 0.32265625 0.1796875 0.0921875