2 0.5046875 0.68671875 0.1578125 0.396875
2 0.71015625 0.421875 0.3828125 0.1125
2 0.53359375 0.27421875 0.1609375 0.31875
2 0.28203125 0.41875 0.3984375 0.1234375
2 0.2640625 0.49609375 0.3796875 0.0953125
2 0.759375 0.52734375 0.403125 0.1078125
2 0.7984375 0.3625 0.2203125 0.2921875
2 0.778125 0.2234375 0.11875 0.18125
2 0.18046875 0.29765625 0.203125 0.2578125
2 0.7953125 0.85859375 0.0875 0.171875
2 0.9 0.7375 0.2 0.0703125
2 0.79296875 0.6671875 0.0953125 0.1578125
2 0.64765625 0.78359375 0.196875 0.1125
2 0.25625 0.81484375 0.209375 0.103125
2 0.36484375 0.8890625 0.09375 0.1796875
2 0.0921875 0.59765625 0.109375 0.1984375
2 0.6671875 0.6640625 0.13125 0.0515625
2 0.33359375 0.74140625 0.0828125 0.059375