17 0.75625 0.4921875 0.4703125 0.1859375
17 0.5734375 0.0703125 0.1796875 0.140625
17 0.88125 0.04453125 0.2375 0.084375
17 0.66015625 0.2890625 0.1484375 0.2625
17 0.35234375 0.41875 0.20625 0.2296875
17 0.08828125 0.70234375 0.1765625 0.1640625
17 0.1484375 0.90078125 0.265625 0.0765625
17 0.27265625 0.79609375 0.171875 0.153125
17 0.53984375 0.64296875 0.2375 0.2203125
17 0.3109375 0.625 0.1984375 0.13125
17 0.18046875 0.546875 0.25625 0.0890625
17 0.740625 0.725 0.25 0.1625
17 0.4921875 0.8 0.3296875 0.16875
17 0.82109375 0.29453125 0.11875 0.184375