25 0.728125 0.56171875 0.2171875 0.303125
25 0.4765625 0.69609375 0.1875 0.28125
25 0.5125 0.3765625 0.184375 0.278125
25 0.3390625 0.52734375 0.1671875 0.2796875
25 0.76171875 0.78515625 0.115625 0.15625
25 0.9265625 0.85546875 0.0953125 0.146875
25 0.4171875 0.2625 0.1203125 0.1484375
25 0.30859375 0.35 0.1546875 0.140625
25 0.35703125 0.2921875 0.0515625 0.0796875
25 0.3296875 0.1109375 0.103125 0.1359375
25 0.36015625 0.17109375 0.05 0.059375
25 0.47890625 0.18046875 0.146875 0.1625
25 0.59375 0.9125 0.08125 0.121875
25 0.43515625 0.87734375 0.0609375 0.0859375
25 0.3625 0.87265625 0.0703125 0.0921875
25 0.23984375 0.878125 0.1109375 0.1515625
25 0.11640625 0.909375 0.1296875 0.18125
25 0.11875 0.66015625 0.1453125 0.18125