19 0.0484375 0.6140625 0.08125 0.0828125
19 0.13046875 0.61171875 0.075 0.0953125
19 0.14140625 0.7359375 0.0796875 0.1109375
19 0.215625 0.6578125 0.0390625 0.0515625
19 0.21875 0.5375 0.0421875 0.053125
19 0.3671875 0.43125 0.075 0.090625
19 0.39453125 0.48359375 0.0640625 0.084375
19 0.38203125 0.56953125 0.1015625 0.121875
19 0.478125 0.31015625 0.0578125 0.084375
19 0.45078125 0.36953125 0.0625 0.0765625
19 0.4578125 0.44609375 0.05 0.06875
19 0.4953125 0.1609375 0.0671875 0.096875
19 0.39296875 0.1390625 0.0265625 0.040625
19 0.4640625 0.75 0.0390625 0.06875
19 0.48984375 0.6328125 0.05 0.0640625
19 0.5390625 0.52421875 0.0421875 0.053125
19 0.53671875 0.57734375 0.0453125 0.0515625
19 0.55703125 0.4375 0.0703125 0.0984375
19 0.56484375 0.2953125 0.05 0.0796875
19 0.52109375 0.76171875 0.04375 0.0609375
19 0.53203125 0.69375 0.05625 0.0875
19 0.55625 0.6203125 0.0484375 0.05625
19 0.6015625 0.75078125 0.0484375 0.0703125
19 0.60625 0.64453125 0.0359375 0.0453125
19 0.63359375 0.71875 0.0375 0.0546875
19 0.7578125 0.33359375 0.065625 0.0859375