17 0.084375 0.5796875 0.1484375 0.165625
17 0.05546875 0.871875 0.1015625 0.2328125
17 0.30234375 0.65546875 0.2078125 0.1390625
17 0.465625 0.73359375 0.178125 0.471875
17 0.61875 0.53671875 0.2078125 0.234375
17 0.4015625 0.36015625 0.221875 0.1921875
17 0.53203125 0.18515625 0.08125 0.25625
17 0.6890625 0.0859375 0.15 0.171875
17 0.59609375 0.3234375 0.13125 0.2265625
17 0.89296875 0.13671875 0.08125 0.2703125
17 0.8015625 0.4765625 0.159375 0.346875
17 0.72578125 0.73515625 0.1640625 0.2484375