19 0.96953125 0.2625 0.0609375 0.078125
19 0.81015625 0.28671875 0.0953125 0.06875
19 0.74453125 0.2328125 0.0875 0.053125
19 0.69140625 0.33515625 0.1 0.075
19 0.5859375 0.3734375 0.1109375 0.075
19 0.70859375 0.42734375 0.1296875 0.0921875
19 0.5875 0.4546875 0.1109375 0.0828125
19 0.4875 0.4140625 0.09375 0.078125
19 0.38984375 0.4046875 0.0796875 0.0609375
19 0.93671875 0.54609375 0.109375 0.075
19 0.84453125 0.609375 0.14375 0.1
19 0.86953125 0.70703125 0.1171875 0.0796875
19 0.8671875 0.77578125 0.0984375 0.0703125
19 0.64765625 0.83203125 0.125 0.103125
19 0.62265625 0.709375 0.09375 0.071875
19 0.55859375 0.64375 0.1265625 0.0984375
19 0.503125 0.52734375 0.1140625 0.0953125
19 0.4875 0.59296875 0.06875 0.046875
19 0.4015625 0.60625 0.0984375 0.090625
19 0.25 0.61484375 0.103125 0.09375
19 0.34140625 0.74453125 0.13125 0.103125
19 0.39453125 0.6921875 0.0859375 0.0703125
19 0.52265625 0.75625 0.1078125 0.0828125
19 0.33671875 0.946875 0.1296875 0.10625
19 0.42109375 0.90859375 0.075 0.065625
19 0.11953125 0.47421875 0.090625 0.0640625
19 0.79375 0.49140625 0.0984375 0.0765625
19 0.3203125 0.828125 0.1109375 0.0859375
19 0.05625 0.546875 0.0984375 0.0625