19 0.08671875 0.2234375 0.1125 0.0921875
19 0.24375 0.22890625 0.1234375 0.0921875
19 0.18125 0.34765625 0.1046875 0.0953125
19 0.2140625 0.44375 0.1625 0.1109375
19 0.2546875 0.54921875 0.08125 0.0671875
19 0.2328125 0.60625 0.1484375 0.109375
19 0.46640625 0.59375 0.1328125 0.1078125
19 0.378125 0.54375 0.096875 0.0859375
19 0.4875 0.690625 0.134375 0.1015625
19 0.596875 0.68515625 0.0890625 0.08125
19 0.7046875 0.67890625 0.10625 0.0734375
19 0.59296875 0.8078125 0.1140625 0.0859375
19 0.221875 0.83046875 0.0875 0.0625
19 0.94296875 0.89609375 0.1109375 0.078125
19 0.8828125 0.7359375 0.0859375 0.059375
19 0.38046875 0.35390625 0.140625 0.103125
19 0.54296875 0.40703125 0.146875 0.1
19 0.6390625 0.478125 0.1125 0.096875
19 0.73984375 0.57421875 0.1328125 0.090625
19 0.87734375 0.628125 0.0953125 0.065625
19 0.7234375 0.3875 0.10625 0.0828125