25 0.7015625 0.44921875 0.209375 0.290625
25 0.53125 0.59296875 0.1328125 0.1703125
25 0.43203125 0.7578125 0.196875 0.2375
25 0.653125 0.78359375 0.121875 0.165625
25 0.775 0.67734375 0.1 0.13125
25 0.834375 0.5296875 0.08125 0.103125
25 0.95625 0.596875 0.0875 0.1046875
25 0.925 0.27421875 0.1421875 0.2109375
25 0.70234375 0.2015625 0.1328125 0.1609375
25 0.259375 0.684375 0.2203125 0.265625
25 0.3 0.4125 0.2234375 0.171875
25 0.07734375 0.36796875 0.1546875 0.29375
25 0.9578125 0.91171875 0.08125 0.103125
25 0.9109375 0.953125 0.0765625 0.09375
25 0.934375 0.4515625 0.13125 0.15625