2 0.6 0.646875 0.159375 0.184375
2 0.82421875 0.6484375 0.1671875 0.2
2 0.8265625 0.5125 0.175 0.0671875
2 0.56171875 0.43125 0.2421875 0.140625
2 0.75234375 0.32265625 0.2328125 0.103125
2 0.61015625 0.2421875 0.0828125 0.109375
2 0.49296875 0.3046875 0.1296875 0.1015625
2 0.19765625 0.415625 0.1546875 0.2515625
2 0.2484375 0.52265625 0.296875 0.1015625
2 0.38984375 0.44765625 0.084375 0.0765625
2 0.403125 0.6515625 0.1203125 0.2375
2 0.2484375 0.17109375 0.1953125 0.1765625
2 0.7109375 0.42421875 0.2015625 0.1109375
2 0.33671875 0.32421875 0.1625 0.096875