2 0.91953125 0.87265625 0.140625 0.190625
2 0.93359375 0.73515625 0.1328125 0.0796875
2 0.82109375 0.6359375 0.0546875 0.1921875
2 0.6296875 0.490625 0.20625 0.0859375
2 0.5453125 0.4640625 0.1359375 0.0578125
2 0.48671875 0.62890625 0.065625 0.271875
2 0.41640625 0.4859375 0.109375 0.0625
2 0.3609375 0.46953125 0.1765625 0.08125
2 0.46171875 0.33671875 0.0609375 0.228125
2 0.5703125 0.3171875 0.1125 0.2328125
2 0.5390625 0.271875 0.115625 0.0515625
2 0.6984375 0.44375 0.16875 0.0703125
2 0.91484375 0.3953125 0.1671875 0.1375
2 0.77578125 0.33359375 0.1171875 0.0578125
2 0.671875 0.184375 0.0453125 0.1609375
2 0.7484375 0.25234375 0.0984375 0.0921875