2 0.28046875 0.6375 0.3625 0.2703125
2 0.27265625 0.37265625 0.3640625 0.2453125
2 0.68828125 0.37734375 0.3859375 0.234375
2 0.6578125 0.675 0.3375 0.309375
2 0.3859375 0.73515625 0.190625 0.296875
2 0.471875 0.828125 0.2578125 0.1703125
2 0.68515625 0.87421875 0.1828125 0.1828125
2 0.89140625 0.9015625 0.2171875 0.196875
2 0.78828125 0.590625 0.1421875 0.240625
2 0.8921875 0.565625 0.1078125 0.225
2 0.475 0.8296875 0.271875 0.1640625
2 0.15625 0.50078125 0.1046875 0.184375
2 0.18125 0.8375 0.209375 0.184375