19 0.5953125 0.5671875 0.1984375 0.1484375
19 0.39921875 0.6234375 0.14375 0.1109375
19 0.290625 0.49921875 0.109375 0.0875
19 0.190625 0.47265625 0.1234375 0.0796875
19 0.7234375 0.8609375 0.1609375 0.0875
19 0.7640625 0.94609375 0.140625 0.1078125
19 0.88984375 0.8703125 0.1609375 0.121875
19 0.34609375 0.33359375 0.1421875 0.1046875
19 0.27890625 0.2203125 0.11875 0.09375
19 0.1421875 0.35 0.1203125 0.075
19 0.3921875 0.47421875 0.09375 0.0734375
19 0.35859375 0.40234375 0.1375 0.0734375
19 0.09375 0.240625 0.1328125 0.0828125
19 0.6328125 0.225 0.0671875 0.05
19 0.71796875 0.23203125 0.08125 0.0484375