2 0.428125 0.4703125 0.3328125 0.15625
2 0.21484375 0.61875 0.096875 0.246875
2 0.36171875 0.71015625 0.1796875 0.3515625
2 0.2125 0.3421875 0.0828125 0.2484375
2 0.12734375 0.50234375 0.128125 0.15625
2 0.06953125 0.3015625 0.1078125 0.296875
2 0.2015625 0.13984375 0.26875 0.203125
2 0.33046875 0.21640625 0.1671875 0.375
2 0.4953125 0.18984375 0.146875 0.0734375
2 0.584375 0.38046875 0.3015625 0.1484375
2 0.75078125 0.7203125 0.228125 0.2265625
2 0.615625 0.77890625 0.0703125 0.24375
2 0.6734375 0.5296875 0.1203125 0.153125
2 0.55 0.8234375 0.0984375 0.2
2 0.2359375 0.803125 0.1484375 0.1328125
2 0.14609375 0.65703125 0.0734375 0.1734375
2 0.66328125 0.1015625 0.078125 0.2015625
2 0.771875 0.271875 0.215625 0.1
2 0.8421875 0.55625 0.2015625 0.11875