2 0.36953125 0.56484375 0.4 0.1796875
2 0.14375 0.20390625 0.2875 0.1828125
2 0.06171875 0.46484375 0.1234375 0.39375
2 0.596875 0.3953125 0.1109375 0.3359375
2 0.79921875 0.57265625 0.3515625 0.1515625
2 0.5671875 0.7296875 0.1015625 0.29375
2 0.4390625 0.81484375 0.178125 0.321875
2 0.70390625 0.32890625 0.14375 0.328125
2 0.828125 0.215625 0.2046875 0.2265625
2 0.8296875 0.77265625 0.1703125 0.284375
2 0.4125 0.40078125 0.215625 0.1609375
2 0.146875 0.825 0.121875 0.1203125
2 0.175 0.6671875 0.0796875 0.1453125
2 0.0453125 0.68984375 0.0828125 0.215625