14 0.4234375 0.196875 0.0671875 0.1640625
14 0.52734375 0.07265625 0.1 0.1265625
14 0.73125 0.23671875 0.1234375 0.221875
14 0.7671875 0.3859375 0.1328125 0.1546875
14 0.7765625 0.52890625 0.1 0.1390625
14 0.55 0.471875 0.1796875 0.221875
14 0.55859375 0.66640625 0.153125 0.196875
14 0.39921875 0.628125 0.175 0.215625
14 0.41640625 0.88984375 0.1046875 0.190625
14 0.53828125 0.87421875 0.1859375 0.1125
14 0.69765625 0.83359375 0.096875 0.15625
14 0.7921875 0.7546875 0.0671875 0.128125
14 0.8875 0.37421875 0.1359375 0.2484375