17 0.421875 0.88671875 0.1703125 0.15625
17 0.12734375 0.90703125 0.240625 0.1046875
17 0.6453125 0.5578125 0.2046875 0.225
17 0.346875 0.65625 0.1375 0.1984375
17 0.19296875 0.65234375 0.1125 0.171875
17 0.2671875 0.4875 0.4796875 0.1828125
17 0.82578125 0.428125 0.271875 0.0859375
17 0.91796875 0.265625 0.1640625 0.159375
17 0.8625 0.06328125 0.265625 0.078125
17 0.69609375 0.36015625 0.1953125 0.140625
17 0.52421875 0.16640625 0.346875 0.1671875
17 0.4609375 0.33828125 0.240625 0.2140625
17 0.25859375 0.2390625 0.2375 0.1609375