16 0.434375 0.71015625 0.0921875 0.0953125
16 0.4984375 0.78359375 0.075 0.10625
16 0.496875 0.63828125 0.0890625 0.1546875
16 0.36953125 0.61875 0.1234375 0.13125
16 0.38125 0.47421875 0.11875 0.10625
16 0.46875 0.4359375 0.05625 0.078125
16 0.44453125 0.33125 0.0859375 0.1046875
16 0.3875 0.27578125 0.0546875 0.078125
16 0.378125 0.35546875 0.0515625 0.0921875
16 0.30859375 0.2953125 0.10625 0.1015625
16 0.50546875 0.14765625 0.1015625 0.15625
16 0.57421875 0.11953125 0.059375 0.1078125
16 0.63515625 0.15703125 0.0890625 0.13125