2 0.65 0.17421875 0.190625 0.1484375
2 0.64375 0.40390625 0.1875 0.159375
2 0.51328125 0.17109375 0.0625 0.16875
2 0.4234375 0.28125 0.1140625 0.178125
2 0.34765625 0.146875 0.1359375 0.084375
2 0.32109375 0.25 0.0984375 0.228125
2 0.24140625 0.38984375 0.1078125 0.0828125
2 0.259375 0.25234375 0.134375 0.2
2 0.303125 0.50859375 0.0953125 0.128125
2 0.42890625 0.4484375 0.1328125 0.23125
2 0.52109375 0.75078125 0.1 0.2875
2 0.4828125 0.41328125 0.0609375 0.296875
2 0.64765625 0.5984375 0.2265625 0.121875
2 0.4140625 0.8015625 0.246875 0.153125
2 0.17265625 0.7515625 0.1796875 0.1890625
2 0.81015625 0.46796875 0.090625 0.0671875
2 0.74140625 0.340625 0.096875 0.0546875
2 0.3203125 0.671875 0.09375 0.1765625
2 0.2515625 0.53828125 0.165625 0.10625
2 0.4515625 0.9625 0.1765625 0.075