17 0.88671875 0.421875 0.15625 0.1703125
17 0.90703125 0.12734375 0.1046875 0.240625
17 0.5578125 0.6453125 0.225 0.2046875
17 0.65625 0.346875 0.1984375 0.1375
17 0.65234375 0.19296875 0.171875 0.1125
17 0.4875 0.2671875 0.1828125 0.4796875
17 0.428125 0.82578125 0.0859375 0.271875
17 0.265625 0.91796875 0.159375 0.1640625
17 0.06328125 0.8625 0.078125 0.265625
17 0.36015625 0.69609375 0.140625 0.1953125
17 0.16640625 0.52421875 0.1671875 0.346875
17 0.33828125 0.4609375 0.2140625 0.240625
17 0.2390625 0.25859375 0.1609375 0.2375