19 0.521875 0.89140625 0.290625 0.2171875
19 0.4203125 0.740625 0.2015625 0.1546875
19 0.259375 0.6625 0.1921875 0.153125
19 0.16484375 0.73359375 0.1078125 0.09375
19 0.0546875 0.81015625 0.109375 0.1
19 0.13828125 0.85625 0.1015625 0.071875
19 0.07734375 0.93671875 0.15 0.1
19 0.6625 0.584375 0.1875 0.134375
19 0.8421875 0.52890625 0.13125 0.09375
19 0.4984375 0.50625 0.2421875 0.1703125
19 0.28828125 0.5375 0.1890625 0.0984375
19 0.29375 0.40859375 0.221875 0.1578125
19 0.40390625 0.27734375 0.1953125 0.1375
19 0.2671875 0.25625 0.16875 0.1390625
19 0.32578125 0.078125 0.125 0.0921875