2 0.4734375 0.53671875 0.1203125 0.3109375
2 0.7078125 0.45078125 0.340625 0.10625
2 0.6921875 0.2953125 0.3828125 0.0859375
2 0.4953125 0.18671875 0.121875 0.221875
2 0.29140625 0.25703125 0.29375 0.1015625
2 0.26328125 0.46015625 0.3140625 0.1265625
2 0.23203125 0.59921875 0.075 0.128125
2 0.11328125 0.63671875 0.1890625 0.0734375
2 0.37578125 0.7453125 0.2046875 0.140625
2 0.6265625 0.871875 0.2515625 0.0953125
2 0.19765625 0.2984375 0.0859375 0.1234375
2 0.28203125 0.91171875 0.215625 0.1765625
2 0.41328125 0.64375 0.0953125 0.2546875