2 0.315625 0.63515625 0.365625 0.2640625
2 0.31328125 0.378125 0.34375 0.2515625
2 0.71640625 0.38359375 0.3921875 0.2328125
2 0.69375 0.68046875 0.3453125 0.3140625
2 0.91796875 0.90625 0.1640625 0.1875
2 0.7109375 0.8859375 0.2046875 0.196875
2 0.49453125 0.8359375 0.2734375 0.1796875
2 0.8234375 0.59921875 0.1453125 0.2453125
2 0.4109375 0.74921875 0.1984375 0.2890625
2 0.1953125 0.83828125 0.196875 0.20625
2 0.1171875 0.54921875 0.0890625 0.1296875
2 0.18515625 0.5046875 0.10625 0.190625
2 0.08515625 0.434375 0.1375 0.16875