2 0.69296875 0.62734375 0.3953125 0.271875
2 0.5921875 0.7453125 0.215625 0.3046875
2 0.2953125 0.684375 0.3625 0.3234375
2 0.68359375 0.3546875 0.3765625 0.2671875
2 0.25859375 0.37109375 0.4078125 0.2421875
2 0.81953125 0.84453125 0.203125 0.209375
2 0.49765625 0.840625 0.2953125 0.175
2 0.27421875 0.88828125 0.21875 0.203125
2 0.92109375 0.41796875 0.1484375 0.1671875
2 0.8265625 0.49140625 0.10625 0.2
2 0.059375 0.57578125 0.1171875 0.240625
2 0.16484375 0.596875 0.146875 0.2703125
2 0.44453125 0.3421875 0.14375 0.0984375