25 0.56171875 0.271875 0.303125 0.2171875
25 0.69609375 0.5234375 0.28125 0.1875
25 0.3765625 0.4875 0.278125 0.184375
25 0.52734375 0.6609375 0.2796875 0.1671875
25 0.78515625 0.23828125 0.15625 0.115625
25 0.85546875 0.0734375 0.146875 0.0953125
25 0.2625 0.5828125 0.1484375 0.1203125
25 0.35 0.69140625 0.140625 0.1546875
25 0.2921875 0.64296875 0.0796875 0.0515625
25 0.1109375 0.6703125 0.1359375 0.103125
25 0.17109375 0.63984375 0.059375 0.05
25 0.18046875 0.52109375 0.1625 0.146875
25 0.9125 0.40625 0.121875 0.08125
25 0.87734375 0.56484375 0.0859375 0.0609375
25 0.87265625 0.6375 0.0921875 0.0703125
25 0.878125 0.76015625 0.1515625 0.1109375
25 0.909375 0.88359375 0.18125 0.1296875
25 0.66015625 0.88125 0.18125 0.1453125