25 0.5078125 0.64765625 0.35625 0.271875
25 0.77109375 0.31328125 0.2671875 0.2171875
25 0.4953125 0.2640625 0.284375 0.1859375
25 0.5671875 0.11015625 0.2453125 0.1796875
25 0.296875 0.26953125 0.2390625 0.178125
25 0.25546875 0.40078125 0.2640625 0.2078125
25 0.45 0.4375 0.225 0.1796875
25 0.2859375 0.534375 0.2359375 0.171875
25 0.26640625 0.69296875 0.2296875 0.190625
25 0.47734375 0.80234375 0.2125 0.1359375
25 0.596875 0.8625 0.1765625 0.1359375
25 0.77734375 0.8875 0.1578125 0.121875
25 0.86015625 0.7875 0.1453125 0.1140625
25 0.85078125 0.84921875 0.0703125 0.0484375
25 0.884375 0.91171875 0.1546875 0.1296875
25 0.2671875 0.90234375 0.25 0.1953125
25 0.71484375 0.475 0.1578125 0.15625