2 0.43359375 0.365625 0.1734375 0.384375
2 0.20546875 0.45 0.371875 0.1921875
2 0.6078125 0.5984375 0.3265625 0.0984375
2 0.27578125 0.57578125 0.2984375 0.0953125
2 0.66875 0.70546875 0.3484375 0.1609375
2 0.421875 0.790625 0.15 0.3609375
2 0.59375 0.4296875 0.1671875 0.24375
2 0.79140625 0.15078125 0.1890625 0.3015625
2 0.51953125 0.06015625 0.38125 0.1203125
2 0.17109375 0.140625 0.10625 0.1015625
2 0.14140625 0.3265625 0.20625 0.084375
2 0.78203125 0.83203125 0.2265625 0.209375
2 0.2296875 0.82734375 0.2984375 0.16875
2 0.7859375 0.51640625 0.09375 0.109375
2 0.9046875 0.45546875 0.128125 0.0984375
2 0.3125 0.0453125 0.21875 0.0828125
2 0.32734375 0.178125 0.153125 0.075