2 0.40859375 0.54921875 0.1296875 0.271875
2 0.6078125 0.3359375 0.3359375 0.0765625
2 0.58125 0.2796875 0.2796875 0.1421875
2 0.7859375 0.171875 0.25625 0.115625
2 0.746875 0.2765625 0.221875 0.109375
2 0.63046875 0.5625 0.175 0.18125
2 0.87421875 0.55390625 0.1984375 0.2046875
2 0.103125 0.45703125 0.1828125 0.1265625
2 0.18203125 0.278125 0.16875 0.253125
2 0.2296875 0.38359375 0.3234375 0.1
2 0.31875 0.1671875 0.1875 0.1015625
2 0.61953125 0.1484375 0.090625 0.1640625
2 0.62734375 0.0734375 0.090625 0.0828125
2 0.5 0.14140625 0.1359375 0.11875
2 0.7328125 0.42734375 0.259375 0.1328125
2 0.3828125 0.2921875 0.1046875 0.1