2 0.4796875 0.47578125 0.5671875 0.2421875
2 0.65546875 0.665625 0.125 0.084375
2 0.29765625 0.7453125 0.19375 0.11875
2 0.49296875 0.71796875 0.1046875 0.0828125
2 0.51796875 0.8265625 0.08125 0.1421875
2 0.115625 0.42734375 0.23125 0.1765625
2 0.209375 0.63828125 0.1125 0.28125
2 0.48203125 0.8546875 0.128125 0.146875
2 0.36171875 0.221875 0.1171875 0.115625
2 0.45390625 0.26953125 0.0625 0.18125
2 0.51484375 0.171875 0.1515625 0.0875
2 0.796875 0.70234375 0.109375 0.1203125
2 0.59375 0.09453125 0.065625 0.121875