2 0.63046875 0.309375 0.2578125 0.34375
2 0.38046875 0.30078125 0.225 0.3625
2 0.3796875 0.69453125 0.2359375 0.3703125
2 0.6640625 0.66953125 0.3 0.334375
2 0.8515625 0.70234375 0.1875 0.1859375
2 0.81015625 0.5015625 0.171875 0.259375
2 0.73046875 0.41171875 0.2671875 0.18125
2 0.58515625 0.796875 0.234375 0.14375
2 0.81171875 0.21171875 0.203125 0.1953125
2 0.50390625 0.178125 0.184375 0.1140625
2 0.4375 0.08046875 0.16875 0.128125
2 0.5546875 0.8859375 0.2296875 0.1171875
2 0.87578125 0.89375 0.2078125 0.2125