2 0.36328125 0.44609375 0.396875 0.175
2 0.43515625 0.209375 0.2 0.353125
2 0.56640625 0.28125 0.0921875 0.290625
2 0.596875 0.61015625 0.0984375 0.325
2 0.78359375 0.42734375 0.3546875 0.1484375
2 0.425 0.60859375 0.23125 0.16875
2 0.14765625 0.81328125 0.2953125 0.196875
2 0.0578125 0.55703125 0.115625 0.39375
2 0.13359375 0.2 0.115625 0.121875
2 0.17109375 0.35 0.0765625 0.15
2 0.70546875 0.6625 0.153125 0.3390625
2 0.83046875 0.7734375 0.19375 0.2296875
2 0.82265625 0.21484375 0.1671875 0.2703125
2 0.89296875 0.58359375 0.09375 0.140625
2 0.315625 0.15625 0.078125 0.2125