2 0.478125 0.50234375 0.2109375 0.46875
2 0.8421875 0.53359375 0.1265625 0.2546875
2 0.7296875 0.65078125 0.1703125 0.096875
2 0.0984375 0.4296875 0.0890625 0.146875
2 0.23515625 0.33046875 0.1078125 0.1328125
2 0.20859375 0.1671875 0.125 0.140625
2 0.52734375 0.12265625 0.19375 0.23125
2 0.80078125 0.153125 0.21875 0.2203125
2 0.609375 0.32578125 0.1359375 0.078125
2 0.59921875 0.77265625 0.175 0.05625
2 0.23515625 0.4734375 0.1296875 0.1
2 0.6328125 0.49765625 0.128125 0.09375
2 0.18359375 0.77265625 0.1359375 0.05625
2 0.80234375 0.32421875 0.1796875 0.0890625
2 0.1234375 0.5796875 0.071875 0.125