21 0.35234375 0.509375 0.2046875 0.1328125
21 0.58984375 0.54765625 0.1515625 0.090625
21 0.64140625 0.4765625 0.175 0.0703125
21 0.734375 0.2828125 0.15625 0.0671875
21 0.55078125 0.22109375 0.10625 0.1046875
21 0.52109375 0.34375 0.11875 0.084375
21 0.69375 0.34765625 0.1265625 0.0734375
21 0.678125 0.628125 0.2640625 0.096875
21 0.575 0.80078125 0.14375 0.14375
21 0.53515625 0.68671875 0.1203125 0.10625
21 0.28125 0.72734375 0.23125 0.1609375
21 0.38984375 0.6046875 0.125 0.0625
21 0.18515625 0.57890625 0.3109375 0.09375
21 0.18203125 0.8578125 0.1546875 0.09375