25 0.28046875 0.2109375 0.2296875 0.16875
25 0.11953125 0.2625 0.134375 0.1046875
25 0.4328125 0.23046875 0.10625 0.0796875
25 0.42109375 0.140625 0.090625 0.075
25 0.5875 0.17578125 0.1484375 0.1203125
25 0.52578125 0.12265625 0.109375 0.084375
25 0.14921875 0.09140625 0.1671875 0.125
25 0.51484375 0.46875 0.278125 0.2046875
25 0.309375 0.67578125 0.2078125 0.159375
25 0.4515625 0.76015625 0.13125 0.1046875
25 0.60546875 0.69296875 0.225 0.1515625
25 0.84765625 0.5359375 0.284375 0.1984375
25 0.91484375 0.45078125 0.125 0.0875
25 0.77265625 0.3515625 0.275 0.1984375
25 0.9203125 0.1484375 0.159375 0.1984375
25 0.31953125 0.090625 0.1546875 0.1015625
25 0.2671875 0.02578125 0.1046875 0.0515625
25 0.075 0.3609375 0.15 0.184375