2 0.6421875 0.31640625 0.0640625 0.1171875
2 0.72890625 0.42421875 0.2203125 0.103125
2 0.56953125 0.409375 0.1046875 0.08125
2 0.54453125 0.28125 0.1578125 0.1765625
2 0.57265625 0.575 0.203125 0.28125
2 0.346875 0.278125 0.14375 0.3078125
2 0.42109375 0.47265625 0.23125 0.0609375
2 0.22890625 0.56484375 0.1578125 0.190625
2 0.2 0.40859375 0.153125 0.128125
2 0.18359375 0.29765625 0.1859375 0.2078125
2 0.70078125 0.26015625 0.1515625 0.171875
2 0.8234375 0.65859375 0.09375 0.1265625
2 0.37109375 0.8875 0.1546875 0.1125
2 0.83046875 0.78359375 0.096875 0.06875