21 0.446875 0.56015625 0.0953125 0.15
21 0.47734375 0.32265625 0.1265625 0.209375
21 0.38203125 0.3734375 0.065625 0.1390625
21 0.40703125 0.16640625 0.09375 0.3015625
21 0.26640625 0.26796875 0.165625 0.2359375
21 0.36953125 0.646875 0.0921875 0.3
21 0.22890625 0.54609375 0.2375 0.178125
21 0.13515625 0.17734375 0.096875 0.1578125
21 0.1296875 0.06171875 0.1 0.090625
21 0.715625 0.71640625 0.0625 0.15
21 0.65078125 0.6796875 0.0671875 0.1296875
21 0.5625 0.66875 0.1 0.1375
21 0.7703125 0.534375 0.103125 0.10625
21 0.671875 0.38359375 0.0578125 0.14375
21 0.64921875 0.51796875 0.084375 0.109375
21 0.65390625 0.60625 0.0625 0.04375