12 0.35546875 0.084375 0.15625 0.10625
12 0.53984375 0.17890625 0.13125 0.128125
12 0.2421875 0.19609375 0.125 0.1265625
12 0.13046875 0.30390625 0.1703125 0.1109375
12 0.3921875 0.4078125 0.1421875 0.08125
12 0.2875 0.45234375 0.2140625 0.1125
12 0.20703125 0.62890625 0.28125 0.1484375
12 0.14140625 0.51015625 0.090625 0.059375
12 0.27109375 0.821875 0.2640625 0.2
12 0.33671875 0.6859375 0.146875 0.090625
12 0.50390625 0.67578125 0.140625 0.0875
12 0.53125 0.5359375 0.109375 0.0640625
12 0.4578125 0.47421875 0.0921875 0.0640625
12 0.54140625 0.40703125 0.1203125 0.109375
12 0.740625 0.16484375 0.125 0.0859375
12 0.89375 0.46953125 0.15625 0.0921875
12 0.70078125 0.52578125 0.109375 0.0828125
12 0.7890625 0.5953125 0.1859375 0.1140625
12 0.6875 0.8015625 0.2640625 0.1640625
12 0.60859375 0.4625 0.0953125 0.0953125
12 0.79609375 0.07890625 0.1515625 0.1046875
12 0.478125 0.81171875 0.1421875 0.128125
12 0.80859375 0.24609375 0.0796875 0.0828125
12 0.76015625 0.2859375 0.078125 0.0484375