2 0.57265625 0.52578125 0.328125 0.1546875
2 0.78203125 0.378125 0.0953125 0.2328125
2 0.6453125 0.2953125 0.165625 0.3359375
2 0.66953125 0.77890625 0.1640625 0.36875
2 0.7875 0.65546875 0.0734375 0.23125
2 0.846875 0.5140625 0.1125 0.05
2 0.86640625 0.49765625 0.1359375 0.140625
2 0.92578125 0.696875 0.109375 0.29375
2 0.79375 0.85546875 0.2671875 0.1984375
2 0.76171875 0.20546875 0.15 0.134375
2 0.6078125 0.05859375 0.125 0.1171875
2 0.4546875 0.1796875 0.0890625 0.2
2 0.3890625 0.2296875 0.0640625 0.2609375
2 0.25 0.278125 0.2203125 0.221875
2 0.3265625 0.4671875 0.125 0.1625
2 0.15859375 0.4421875 0.2 0.1125
2 0.2296875 0.72421875 0.2109375 0.103125
2 0.41640625 0.61953125 0.2953125 0.1453125
2 0.33671875 0.90078125 0.0734375 0.1984375
2 0.50703125 0.8078125 0.1515625 0.065625
2 0.446875 0.94140625 0.171875 0.1171875
2 0.56953125 0.365625 0.0515625 0.16875
2 0.49453125 0.409375 0.046875 0.1328125
2 0.84921875 0.34609375 0.075 0.1734375