2 0.5625 0.3703125 0.16875 0.39375
2 0.3890625 0.60078125 0.321875 0.1046875
2 0.33046875 0.7109375 0.346875 0.1515625
2 0.5734375 0.7953125 0.1453125 0.3671875
2 0.728125 0.5765625 0.278125 0.090625
2 0.79765625 0.45234375 0.3515625 0.1828125
2 0.4015625 0.4234375 0.175 0.2265625
2 0.2125 0.15078125 0.1828125 0.3015625
2 0.4796875 0.0625 0.371875 0.125
2 0.6796875 0.0453125 0.225 0.0875
2 0.8171875 0.153125 0.1296875 0.1171875
2 0.6625 0.18125 0.146875 0.08125
2 0.84921875 0.33203125 0.2078125 0.0890625
2 0.7765625 0.83046875 0.2765625 0.171875
2 0.21328125 0.83984375 0.2234375 0.215625
2 0.21640625 0.51796875 0.0921875 0.1171875
2 0.9234375 0.50078125 0.153125 0.2796875