2 0.47421875 0.42734375 0.1546875 0.328125
2 0.621875 0.21796875 0.2328125 0.0953125
2 0.7046875 0.3546875 0.3359375 0.165625
2 0.22109375 0.33046875 0.36875 0.1640625
2 0.34453125 0.2125 0.23125 0.0734375
2 0.4859375 0.153125 0.05 0.1125
2 0.50234375 0.13359375 0.140625 0.1359375
2 0.303125 0.07421875 0.29375 0.109375
2 0.14453125 0.20625 0.1984375 0.2671875
2 0.79453125 0.23828125 0.134375 0.15
2 0.94140625 0.3921875 0.1171875 0.125
2 0.8203125 0.5453125 0.2 0.0890625
2 0.7703125 0.6109375 0.2609375 0.0640625
2 0.721875 0.75 0.221875 0.2203125
2 0.5328125 0.6734375 0.1625 0.125
2 0.5578125 0.84140625 0.1125 0.2
2 0.27578125 0.7703125 0.103125 0.2109375
2 0.38046875 0.58359375 0.1453125 0.2953125
2 0.09921875 0.66328125 0.1984375 0.0734375
2 0.1921875 0.49296875 0.065625 0.1515625
2 0.05859375 0.553125 0.1171875 0.171875
2 0.634375 0.43046875 0.16875 0.0515625
2 0.590625 0.50546875 0.1328125 0.046875
2 0.65390625 0.15078125 0.1734375 0.075