25 0.51015625 0.61796875 0.35 0.2484375
25 0.55 0.3640625 0.2296875 0.1515625
25 0.5203125 0.22578125 0.2109375 0.1734375
25 0.28671875 0.35859375 0.3046875 0.2453125
25 0.29765625 0.81875 0.2203125 0.1546875
25 0.08671875 0.76015625 0.1734375 0.1140625
25 0.4828125 0.8296875 0.165625 0.1453125
25 0.61953125 0.79453125 0.1953125 0.1484375
25 0.80625 0.8890625 0.128125 0.090625
25 0.66015625 0.8953125 0.1921875 0.121875
25 0.8078125 0.81015625 0.1765625 0.1421875
25 0.91953125 0.7578125 0.1609375 0.1328125
25 0.80859375 0.53046875 0.1609375 0.1234375