19 0.23203125 0.90703125 0.090625 0.1140625
19 0.2390625 0.75 0.09375 0.128125
19 0.35703125 0.81484375 0.09375 0.10625
19 0.36875 0.6140625 0.1015625 0.1421875
19 0.45625 0.7828125 0.1125 0.1640625
19 0.5625 0.74140625 0.0703125 0.084375
19 0.55625 0.61875 0.0890625 0.096875
19 0.60859375 0.5296875 0.109375 0.1359375
19 0.61875 0.765625 0.1109375 0.1484375
19 0.70546875 0.51171875 0.103125 0.1296875
19 0.7609375 0.57109375 0.075 0.1015625
19 0.82265625 0.4046875 0.0875 0.1140625
19 0.84921875 0.55078125 0.0890625 0.10625
19 0.69609375 0.29140625 0.075 0.10625
19 0.915625 0.05625 0.08125 0.1125
19 0.58984375 0.25625 0.0921875 0.134375
19 0.49296875 0.35390625 0.096875 0.1140625
19 0.4203125 0.4515625 0.1 0.146875
19 0.4015625 0.26953125 0.0828125 0.1046875
19 0.70078125 0.4015625 0.0828125 0.090625
19 0.88828125 0.284375 0.065625 0.0828125
19 0.75234375 0.1125 0.0625 0.0890625
19 0.8328125 0.05625 0.0515625 0.0859375
19 0.64453125 0.1171875 0.065625 0.096875