25 0.68984375 0.5703125 0.2140625 0.2921875
25 0.43203125 0.46875 0.275 0.3875
25 0.63359375 0.27578125 0.1828125 0.309375
25 0.82578125 0.3625 0.221875 0.375
25 0.5125 0.87421875 0.1140625 0.14375
25 0.23828125 0.9265625 0.1171875 0.146875
25 0.26328125 0.65390625 0.1625 0.1890625
25 0.26171875 0.51484375 0.08125 0.1125
25 0.16796875 0.50859375 0.1015625 0.140625
25 0.07890625 0.52734375 0.1578125 0.1953125
25 0.22109375 0.38046875 0.1421875 0.1828125
25 0.08515625 0.840625 0.1390625 0.1640625
25 0.12890625 0.43203125 0.0921875 0.1078125