4 0.68671875 0.47109375 0.38125 0.2578125
4 0.49609375 0.2265625 0.1765625 0.45
4 0.50625 0.74140625 0.1796875 0.45
4 0.28203125 0.46328125 0.4234375 0.246875
4 0.7015625 0.7671875 0.2265625 0.25
4 0.80078125 0.2703125 0.125 0.2
4 0.64609375 0.271875 0.1265625 0.23125
4 0.33046875 0.2984375 0.1015625 0.1515625
4 0.27734375 0.11171875 0.0734375 0.203125
4 0.20859375 0.2328125 0.1421875 0.0875
4 0.0984375 0.15078125 0.1921875 0.1515625
4 0.25 0.83125 0.20625 0.125
4 0.27734375 0.7015625 0.190625 0.1578125
4 0.1296875 0.64453125 0.1390625 0.25625
4 0.13515625 0.2453125 0.0875 0.2109375