2 0.465625 0.66953125 0.1515625 0.39375
2 0.66171875 0.4140625 0.3828125 0.1125
2 0.240625 0.40703125 0.40625 0.1203125
2 0.4953125 0.26796875 0.153125 0.321875
2 0.76015625 0.34921875 0.2171875 0.2859375
2 0.7359375 0.215625 0.1203125 0.184375
2 0.7625 0.8515625 0.0859375 0.1703125
2 0.7609375 0.65546875 0.090625 0.153125
2 0.88984375 0.72890625 0.2203125 0.0734375
2 0.6140625 0.775 0.190625 0.1109375
2 0.2359375 0.80390625 0.209375 0.0984375
2 0.23359375 0.48984375 0.3515625 0.0921875
2 0.15234375 0.28984375 0.1953125 0.25625
2 0.940625 0.16484375 0.11875 0.1765625
2 0.94375 0.3453125 0.1125 0.125
2 0.725 0.51796875 0.3921875 0.10625
2 0.340625 0.875 0.090625 0.184375
2 0.2859375 0.59609375 0.1109375 0.096875
2 0.6390625 0.65390625 0.1265625 0.053125