25 0.4140625 0.66171875 0.18125 0.2546875
25 0.41484375 0.43046875 0.1546875 0.203125
25 0.47578125 0.53046875 0.06875 0.109375
25 0.490625 0.45078125 0.0609375 0.1
25 0.56015625 0.51171875 0.153125 0.1828125
25 0.51328125 0.35 0.15 0.175
25 0.57265625 0.70625 0.0890625 0.115625
25 0.6484375 0.715625 0.090625 0.1046875
25 0.58984375 0.8578125 0.1625 0.190625
25 0.63203125 0.596875 0.1265625 0.16875
25 0.77109375 0.71328125 0.1375 0.184375
25 0.79921875 0.45859375 0.1265625 0.19375
25 0.78671875 0.28359375 0.0984375 0.13125
25 0.7609375 0.3953125 0.071875 0.1015625
25 0.77890625 0.09296875 0.1140625 0.1296875
25 0.61640625 0.28515625 0.0984375 0.140625
25 0.9125 0.0453125 0.0828125 0.0890625
25 0.896875 0.12265625 0.071875 0.0828125
25 0.903125 0.20546875 0.0625 0.0671875
25 0.9375 0.346875 0.1203125 0.159375