19 0.5265625 0.88203125 0.28125 0.2265625
19 0.28125 0.64609375 0.1859375 0.146875
19 0.5125 0.5 0.2265625 0.16875
19 0.31640625 0.40703125 0.209375 0.15
19 0.66953125 0.584375 0.184375 0.1328125
19 0.84375 0.53515625 0.1265625 0.0875
19 0.0890625 0.9265625 0.146875 0.1
19 0.1515625 0.846875 0.0984375 0.0703125
19 0.0625 0.7984375 0.125 0.0984375
19 0.18125 0.72578125 0.1046875 0.090625
19 0.4234375 0.28828125 0.1859375 0.13125
19 0.2953125 0.26484375 0.1609375 0.1328125
19 0.43203125 0.73046875 0.1984375 0.15
19 0.30859375 0.525 0.18125 0.0765625