4 0.290625 0.515625 0.3640625 0.2390625
4 0.44453125 0.26171875 0.1640625 0.41875
4 0.4609375 0.73359375 0.1625 0.4140625
4 0.6625 0.49765625 0.3625 0.221875
4 0.284375 0.75390625 0.2046875 0.2375
4 0.5625 0.221875 0.096875 0.2328125
4 0.7515625 0.22265625 0.1359375 0.0890625
4 0.87890625 0.11171875 0.1671875 0.146875
4 0.83203125 0.6078125 0.134375 0.246875
4 0.7171875 0.78984375 0.19375 0.11875
4 0.6921875 0.66640625 0.178125 0.1484375
4 0.1828125 0.29375 0.134375 0.221875
4 0.9265625 0.871875 0.1421875 0.1671875