9 0.75390625 0.56953125 0.171875 0.1140625
9 0.5921875 0.52578125 0.121875 0.146875
9 0.45703125 0.56796875 0.1640625 0.14375
9 0.65 0.6796875 0.125 0.1484375
9 0.5359375 0.734375 0.1578125 0.18125
9 0.384375 0.75390625 0.159375 0.1578125
9 0.35078125 0.628125 0.1828125 0.1234375
9 0.57109375 0.40625 0.1375 0.0671875
9 0.53671875 0.35078125 0.1375 0.0671875
9 0.48203125 0.3234375 0.1078125 0.0703125
9 0.3796875 0.3109375 0.09375 0.078125
9 0.3875 0.3796875 0.0984375 0.065625
9 0.425 0.4078125 0.1046875 0.075
9 0.46015625 0.45390625 0.1015625 0.0921875