2 0.3671875 0.45234375 0.39375 0.1765625
2 0.56796875 0.2859375 0.0921875 0.290625
2 0.43671875 0.21328125 0.19375 0.3515625
2 0.59765625 0.61953125 0.1015625 0.3296875
2 0.78203125 0.4328125 0.35625 0.14375
2 0.7078125 0.671875 0.1515625 0.31875
2 0.8328125 0.77890625 0.2046875 0.2234375
2 0.81875 0.22109375 0.1703125 0.275
2 0.42421875 0.61171875 0.221875 0.1703125
2 0.14921875 0.81328125 0.2984375 0.2015625
2 0.06015625 0.5546875 0.1203125 0.3828125
2 0.1390625 0.20546875 0.11875 0.121875
2 0.22265625 0.19140625 0.05 0.1453125
2 0.17265625 0.3546875 0.071875 0.15625
2 0.315625 0.153125 0.0828125 0.2109375
2 0.04140625 0.33828125 0.0828125 0.228125