19 0.77265625 0.91328125 0.0921875 0.115625
19 0.76640625 0.75546875 0.0921875 0.1234375
19 0.64609375 0.821875 0.096875 0.1046875
19 0.63671875 0.61953125 0.103125 0.1421875
19 0.5484375 0.78828125 0.1140625 0.1625
19 0.58359375 0.45625 0.1015625 0.1484375
19 0.51171875 0.36015625 0.096875 0.1140625
19 0.6015625 0.275 0.0828125 0.1046875
19 0.41484375 0.26015625 0.090625 0.134375
19 0.30859375 0.29765625 0.0765625 0.1046875
19 0.2984375 0.515625 0.103125 0.134375
19 0.39609375 0.53515625 0.10625 0.1359375
19 0.44609375 0.6234375 0.0859375 0.0984375
19 0.4421875 0.7484375 0.0703125 0.0828125
19 0.3859375 0.76953125 0.1125 0.1484375
19 0.18046875 0.4109375 0.0859375 0.115625
19 0.0890625 0.06015625 0.08125 0.115625
19 0.25234375 0.11875 0.059375 0.0875
19 0.303125 0.40546875 0.08125 0.0890625
19 0.1609375 0.7828125 0.065625 0.0859375