2 0.69140625 0.49296875 0.396875 0.15625
2 0.43125 0.69453125 0.109375 0.3953125
2 0.28125 0.5203125 0.315625 0.153125
2 0.36640625 0.78671875 0.2875 0.2203125
2 0.4234375 0.26640625 0.121875 0.4109375
2 0.23125 0.7671875 0.1859375 0.1234375
2 0.309375 0.17734375 0.253125 0.1984375
2 0.87578125 0.7859375 0.171875 0.0921875
2 0.671875 0.7859375 0.1609375 0.090625
2 0.70703125 0.2875 0.1015625 0.1921875
2 0.82734375 0.2484375 0.103125 0.225
2 0.503125 0.253125 0.0984375 0.346875
2 0.53125 0.75859375 0.1140625 0.390625
2 0.6703125 0.66171875 0.05625 0.128125
2 0.746875 0.8984375 0.0734375 0.203125