2 0.48828125 0.58671875 0.084375 0.2203125
2 0.65625 0.5171875 0.2609375 0.0765625
2 0.62890625 0.43125 0.253125 0.0609375
2 0.4984375 0.3359375 0.0828125 0.1640625
2 0.3578125 0.40234375 0.196875 0.0625
2 0.4625 0.47890625 0.071875 0.1171875
2 0.33046875 0.5296875 0.2234375 0.0953125
2 0.44453125 0.67421875 0.0703125 0.1828125
2 0.2109375 0.66171875 0.1625 0.053125
2 0.25078125 0.7328125 0.1015625 0.096875
2 0.3578125 0.88125 0.159375 0.178125
2 0.13828125 0.8984375 0.1421875 0.153125
2 0.84921875 0.93515625 0.1703125 0.1296875
2 0.62109375 0.82890625 0.19375 0.0734375