19 0.1078125 0.63359375 0.2109375 0.1609375
19 0.15546875 0.5046875 0.1140625 0.0859375
19 0.0734375 0.40078125 0.146875 0.1484375
19 0.30625 0.2609375 0.1796875 0.125
19 0.33125 0.4953125 0.1421875 0.1203125
19 0.51640625 0.67890625 0.2109375 0.1703125
19 0.4671875 0.5328125 0.2 0.15
19 0.67421875 0.6703125 0.1484375 0.11875
19 0.67265625 0.8078125 0.228125 0.15
19 0.8203125 0.67265625 0.1546875 0.121875
19 0.8234375 0.5296875 0.1765625 0.134375
19 0.44609375 0.39609375 0.184375 0.11875
19 0.6703125 0.4140625 0.14375 0.121875
19 0.3984375 0.86875 0.1640625 0.140625
19 0.68203125 0.9328125 0.190625 0.134375