2 0.92734375 0.1296875 0.1421875 0.1828125
2 0.93828125 0.26640625 0.1234375 0.08125
2 0.83203125 0.36640625 0.059375 0.1953125
2 0.91953125 0.61015625 0.159375 0.13125
2 0.55625 0.54296875 0.1359375 0.0609375
2 0.6390625 0.51328125 0.2 0.0859375
2 0.49609375 0.3796875 0.0671875 0.275
2 0.428125 0.51875 0.109375 0.0625
2 0.36875 0.5359375 0.1734375 0.078125
2 0.46953125 0.66796875 0.059375 0.2328125
2 0.70859375 0.5609375 0.1578125 0.0671875
2 0.5765625 0.6921875 0.1109375 0.234375
2 0.55 0.734375 0.109375 0.0515625
2 0.55 0.3421875 0.04375 0.2421875
2 0.7546875 0.75234375 0.1015625 0.090625
2 0.6796875 0.82265625 0.0484375 0.175
2 0.7375 0.23671875 0.14375 0.096875