17 0.5078125 0.24375 0.1859375 0.4703125
17 0.9296875 0.4265625 0.140625 0.1796875
17 0.95546875 0.11875 0.084375 0.2375
17 0.7109375 0.33984375 0.2625 0.1484375
17 0.58125 0.64765625 0.2296875 0.20625
17 0.29765625 0.91171875 0.1640625 0.1765625
17 0.09921875 0.8515625 0.0765625 0.265625
17 0.20390625 0.72734375 0.153125 0.171875
17 0.35703125 0.46015625 0.2203125 0.2375
17 0.375 0.6890625 0.13125 0.1984375
17 0.453125 0.81953125 0.0890625 0.25625
17 0.275 0.259375 0.1625 0.25
17 0.2 0.5078125 0.16875 0.3296875
17 0.70546875 0.17890625 0.184375 0.11875