16 0.7 0.70859375 0.109375 0.096875
16 0.6234375 0.72734375 0.05625 0.075
16 0.6328125 0.646875 0.0515625 0.0890625
16 0.56484375 0.67421875 0.0828125 0.103125
16 0.54375 0.57265625 0.0578125 0.0734375
16 0.55078125 0.4765625 0.053125 0.0984375
16 0.63125 0.534375 0.1171875 0.1046875
16 0.646875 0.390625 0.1171875 0.128125
16 0.596875 0.29609375 0.096875 0.096875
16 0.52578125 0.22265625 0.075 0.1
16 0.5296875 0.37109375 0.0953125 0.146875
16 0.5046875 0.86171875 0.1 0.1578125
16 0.4390625 0.8953125 0.0625 0.10625
16 0.3765625 0.8609375 0.090625 0.1328125