25 0.36171875 0.51328125 0.159375 0.2140625
25 0.3203125 0.2875 0.1828125 0.215625
25 0.45546875 0.19140625 0.1421875 0.1578125
25 0.346875 0.08671875 0.15 0.1734375
25 0.58515625 0.5171875 0.2671875 0.315625
25 0.6921875 0.3140625 0.1390625 0.1703125
25 0.896875 0.40625 0.20625 0.2796875
25 0.7765625 0.12734375 0.125 0.14375
25 0.91015625 0.12734375 0.1125 0.13125
25 0.6484375 0.2234375 0.1140625 0.1203125
25 0.4265625 0.36640625 0.146875 0.1953125
25 0.2484375 0.4984375 0.0796875 0.1125
25 0.26171875 0.596875 0.0875 0.1109375
25 0.1390625 0.5765625 0.1859375 0.23125
25 0.06328125 0.1640625 0.1265625 0.178125
25 0.0578125 0.39296875 0.115625 0.1640625
25 0.21640625 0.0875 0.0984375 0.1484375
25 0.26875 0.834375 0.1328125 0.1515625
25 0.10546875 0.9484375 0.1421875 0.103125
25 0.91953125 0.85546875 0.1609375 0.246875