2 0.93828125 0.69921875 0.1234375 0.0828125
2 0.9265625 0.83046875 0.146875 0.1953125
2 0.82890625 0.6015625 0.0546875 0.190625
2 0.9265625 0.46328125 0.0828125 0.1828125
2 0.91953125 0.35234375 0.1609375 0.1359375
2 0.74765625 0.21953125 0.1015625 0.0921875
2 0.67421875 0.1546875 0.0484375 0.1734375
2 0.62890625 0.45 0.215625 0.0890625
2 0.70234375 0.4109375 0.1625 0.0703125
2 0.48984375 0.58671875 0.06875 0.2796875
2 0.45390625 0.53515625 0.003125 0.0046875
2 0.5359375 0.61484375 0.059375 0.2984375
2 0.57578125 0.5859375 0.05 0.2125
2 0.56875 0.28046875 0.1125 0.2328125
2 0.53828125 0.23671875 0.115625 0.053125
2 0.46015625 0.29375 0.0640625 0.2296875
2 0.415625 0.44609375 0.109375 0.065625
2 0.54765625 0.41796875 0.1359375 0.06875