19 0.41171875 0.446875 0.1484375 0.1859375
19 0.084375 0.31484375 0.1609375 0.1875
19 0.26953125 0.79609375 0.165625 0.209375
19 0.13828125 0.83828125 0.1375 0.1734375
19 0.21875 0.50390625 0.1296875 0.1609375
19 0.26875 0.3515625 0.10625 0.1359375
19 0.3328125 0.13828125 0.1265625 0.1828125
19 0.67265625 0.1078125 0.1234375 0.1515625
19 0.68671875 0.4 0.1078125 0.1578125
19 0.77734375 0.403125 0.0953125 0.153125
19 0.46171875 0.678125 0.1328125 0.1453125
19 0.48125 0.5484375 0.0703125 0.1015625
19 0.45625 0.8984375 0.1390625 0.1453125
19 0.59609375 0.5296875 0.13125 0.16875
19 0.67265625 0.653125 0.0734375 0.1046875
19 0.79765625 0.11640625 0.075 0.125
19 0.56484375 0.2328125 0.1 0.146875