2 0.5515625 0.6484375 0.196875 0.2375
2 0.58359375 0.3703125 0.1390625 0.0953125
2 0.56875 0.5390625 0.1171875 0.215625
2 0.44375 0.41484375 0.1359375 0.0984375
2 0.2703125 0.47890625 0.309375 0.15
2 0.33359375 0.746875 0.21875 0.3921875
2 0.42734375 0.85234375 0.3765625 0.1625
2 0.74296875 0.77421875 0.165625 0.3296875
2 0.834375 0.62890625 0.3296875 0.196875
2 0.578125 0.17421875 0.4203125 0.203125
2 0.3 0.1203125 0.1953125 0.240625
2 0.57109375 0.95078125 0.1953125 0.0984375
2 0.79296875 0.334375 0.1125 0.0921875