2 0.503125 0.3125 0.1546875 0.4015625
2 0.3015625 0.5765625 0.3828125 0.1109375
2 0.47265625 0.71953125 0.1546875 0.3328125
2 0.72734375 0.58515625 0.403125 0.1234375
2 0.25 0.4703125 0.4125 0.1078125
2 0.74453125 0.503125 0.340625 0.0953125
2 0.2125 0.33203125 0.0859375 0.1625
2 0.09609375 0.25390625 0.1921875 0.075
2 0.209375 0.12890625 0.0859375 0.16875
2 0.36640625 0.20625 0.19375 0.1125
2 0.76015625 0.1765625 0.196875 0.1015625
2 0.70703125 0.29921875 0.20625 0.10625
2 0.8171875 0.69765625 0.2015625 0.25
2 0.22890625 0.771875 0.1171875 0.1828125
2 0.209375 0.634375 0.215625 0.2828125
2 0.3375 0.33125 0.1328125 0.0546875