2 0.684375 0.63515625 0.365625 0.2640625
2 0.68671875 0.378125 0.34375 0.2515625
2 0.28359375 0.38359375 0.3921875 0.2328125
2 0.30625 0.68046875 0.3453125 0.3140625
2 0.08203125 0.90625 0.1640625 0.1875
2 0.2890625 0.8859375 0.2046875 0.196875
2 0.50546875 0.8359375 0.2734375 0.1796875
2 0.1765625 0.59921875 0.1453125 0.2453125
2 0.5890625 0.74921875 0.1984375 0.2890625
2 0.8046875 0.83828125 0.196875 0.20625
2 0.8828125 0.54921875 0.0890625 0.1296875
2 0.81484375 0.5046875 0.10625 0.190625
2 0.91484375 0.434375 0.1375 0.16875