19 0.075 0.4 0.15 0.1484375
19 0.33515625 0.49375 0.1421875 0.1203125
19 0.15859375 0.50390625 0.1171875 0.0859375
19 0.47265625 0.53203125 0.203125 0.1484375
19 0.1078125 0.63203125 0.215625 0.1625
19 0.521875 0.678125 0.2140625 0.171875
19 0.8265625 0.67265625 0.1546875 0.125
19 0.67890625 0.66953125 0.1484375 0.1203125
19 0.828125 0.5296875 0.178125 0.1359375
19 0.45 0.3875 0.184375 0.1078125
19 0.3109375 0.26015625 0.1796875 0.125
19 0.40390625 0.865625 0.1640625 0.1421875
19 0.678125 0.80703125 0.2328125 0.1484375
19 0.6859375 0.9328125 0.19375 0.134375
19 0.67421875 0.4140625 0.1453125 0.125
19 0.75078125 0.3328125 0.1265625 0.0796875