2 0.196875 0.1515625 0.3578125 0.290625
2 0.3453125 0.4390625 0.16875 0.0796875
2 0.38828125 0.56796875 0.121875 0.1921875
2 0.503125 0.4953125 0.1265625 0.06875
2 0.51484375 0.3546875 0.1703125 0.1875
2 0.478125 0.11484375 0.171875 0.08125
2 0.31484375 0.0453125 0.0984375 0.0625
2 0.31796875 0.1265625 0.0859375 0.1421875
2 0.7359375 0.09375 0.178125 0.0859375
2 0.7546875 0.21484375 0.09375 0.1171875
2 0.865625 0.19765625 0.1015625 0.1296875
2 0.90546875 0.43359375 0.09375 0.146875
2 0.75859375 0.40546875 0.0734375 0.121875
2 0.64921875 0.4921875 0.2296875 0.10625
2 0.74140625 0.6015625 0.0734375 0.096875
2 0.77578125 0.65546875 0.2609375 0.125
2 0.93203125 0.56875 0.065625 0.0953125
2 0.63984375 0.32890625 0.1625 0.1140625
2 0.14140625 0.6421875 0.234375 0.13125
2 0.09921875 0.790625 0.1984375 0.1984375
2 0.23359375 0.884375 0.2078125 0.1203125
2 0.175 0.77734375 0.1390625 0.16875
2 0.3078125 0.7609375 0.221875 0.1
2 0.6078125 0.14453125 0.0875 0.08125