25 0.5828125 0.5328125 0.1609375 0.215625
25 0.5734375 0.31015625 0.2234375 0.290625
25 0.446875 0.4796875 0.134375 0.196875
25 0.49296875 0.7046875 0.2203125 0.26875
25 0.70390625 0.52265625 0.153125 0.2640625
25 0.8078125 0.35 0.134375 0.1921875
25 0.8 0.13125 0.1203125 0.1484375
25 0.88203125 0.5546875 0.103125 0.1296875
25 0.9359375 0.7 0.128125 0.1546875
25 0.79375 0.853125 0.171875 0.20625
25 0.30390625 0.825 0.23125 0.2875
25 0.3828125 0.45703125 0.1703125 0.265625
25 0.24921875 0.315625 0.21875 0.2703125
25 0.10703125 0.31875 0.10625 0.1453125
25 0.115625 0.20703125 0.0875 0.14375
25 0.2125 0.740625 0.2015625 0.275
25 0.24921875 0.10546875 0.2359375 0.2109375
25 0.06015625 0.51484375 0.1203125 0.2046875