19 0.18515625 0.67421875 0.090625 0.1140625
19 0.2703125 0.65078125 0.103125 0.1328125
19 0.35625 0.86484375 0.0734375 0.1125
19 0.10234375 0.57109375 0.06875 0.075
19 0.40078125 0.7421875 0.096875 0.10625
19 0.46796875 0.9421875 0.0625 0.1
19 0.54140625 0.88046875 0.0640625 0.0953125
19 0.61015625 0.603125 0.0625 0.084375
19 0.6015625 0.50390625 0.08125 0.0984375
19 0.64375 0.4046875 0.0765625 0.115625
19 0.56171875 0.3984375 0.084375 0.1109375
19 0.58828125 0.28046875 0.09375 0.13125
19 0.67890625 0.29921875 0.075 0.1
19 0.72890625 0.1796875 0.0671875 0.0953125
19 0.7828125 0.24609375 0.0546875 0.090625
19 0.46796875 0.05390625 0.0765625 0.1078125
19 0.4078125 0.13984375 0.1015625 0.1484375
19 0.30546875 0.12109375 0.08125 0.1234375
19 0.23671875 0.121875 0.0671875 0.0984375
19 0.17890625 0.34375 0.1015625 0.1265625
19 0.25703125 0.46875 0.0859375 0.1078125
19 0.30234375 0.3703125 0.075 0.09375
19 0.371875 0.43046875 0.1015625 0.128125
19 0.421875 0.5015625 0.05 0.071875
19 0.40859375 0.5890625 0.09375 0.1015625
19 0.4890625 0.4859375 0.096875 0.115625
19 0.525 0.184375 0.078125 0.115625