2 0.4890625 0.58515625 0.084375 0.2234375
2 0.6640625 0.51640625 0.25625 0.075
2 0.63203125 0.4296875 0.253125 0.059375
2 0.50078125 0.3359375 0.084375 0.1671875
2 0.36484375 0.40078125 0.209375 0.0640625
2 0.32421875 0.52890625 0.209375 0.096875
2 0.415625 0.7375 0.1703125 0.109375
2 0.2515625 0.73203125 0.1 0.09375
2 0.2078125 0.6609375 0.146875 0.0546875
2 0.3546875 0.88203125 0.1609375 0.175
2 0.61796875 0.83046875 0.184375 0.071875
2 0.84765625 0.93515625 0.171875 0.1296875
2 0.7109375 0.94140625 0.090625 0.1171875
2 0.1390625 0.89609375 0.1421875 0.15
2 0.32421875 0.79140625 0.00625 0.03125