19 0.5875 0.14453125 0.115625 0.1484375
19 0.540625 0.31171875 0.125 0.1828125
19 0.48984375 0.0890625 0.1171875 0.1640625
19 0.36015625 0.11171875 0.1171875 0.1609375
19 0.3703125 0.2953125 0.109375 0.1453125
19 0.378125 0.46015625 0.15625 0.2140625
19 0.3984375 0.66015625 0.1109375 0.134375
19 0.49921875 0.64296875 0.121875 0.1421875
19 0.53046875 0.4921875 0.1046875 0.1375
19 0.56015625 0.8296875 0.1296875 0.159375
19 0.40546875 0.87265625 0.1671875 0.2203125
19 0.2734375 0.74609375 0.096875 0.1140625
19 0.221875 0.88828125 0.1171875 0.1140625
19 0.19609375 0.2984375 0.128125 0.1515625
19 0.08203125 0.50859375 0.1390625 0.1546875
19 0.1 0.77421875 0.1390625 0.184375
19 0.0828125 0.91875 0.1296875 0.1265625
19 0.25078125 0.55546875 0.1015625 0.109375