2 0.52421875 0.4796875 0.2421875 0.5671875
2 0.334375 0.65546875 0.084375 0.125
2 0.2546875 0.29765625 0.11875 0.19375
2 0.28203125 0.49296875 0.0828125 0.1046875
2 0.1734375 0.51796875 0.1421875 0.08125
2 0.57265625 0.115625 0.1765625 0.23125
2 0.36171875 0.209375 0.28125 0.1125
2 0.1453125 0.48203125 0.146875 0.128125
2 0.778125 0.36171875 0.115625 0.1171875
2 0.73046875 0.45390625 0.18125 0.0625
2 0.828125 0.51484375 0.0875 0.1515625
2 0.29765625 0.796875 0.1203125 0.109375
2 0.90546875 0.59375 0.121875 0.065625