25 0.6109375 0.51328125 0.2515625 0.3578125
25 0.346875 0.55390625 0.159375 0.240625
25 0.20546875 0.52109375 0.1796875 0.2203125
25 0.34453125 0.2875 0.2546875 0.31875
25 0.81953125 0.30078125 0.15625 0.221875
25 0.759375 0.08828125 0.1203125 0.1703125
25 0.7953125 0.6296875 0.1515625 0.196875
25 0.83046875 0.4859375 0.1484375 0.175
25 0.88828125 0.8171875 0.0875 0.1328125
25 0.89609375 0.66796875 0.1234375 0.19375
25 0.75703125 0.92421875 0.1328125 0.1515625
25 0.80078125 0.81796875 0.125 0.1796875
25 0.525 0.81484375 0.125 0.1625
25 0.4453125 0.91171875 0.0921875 0.1359375