25 0.559375 0.1328125 0.2453125 0.178125
25 0.7625 0.33125 0.271875 0.2140625
25 0.4875 0.28125 0.278125 0.18125
25 0.24921875 0.4140625 0.2609375 0.209375
25 0.4453125 0.45390625 0.2203125 0.178125
25 0.28046875 0.55078125 0.23125 0.171875
25 0.50078125 0.6640625 0.3546875 0.271875
25 0.25859375 0.70703125 0.225 0.1875
25 0.471875 0.8203125 0.209375 0.1296875
25 0.7734375 0.903125 0.1609375 0.125
25 0.59453125 0.8765625 0.1765625 0.1390625
25 0.86015625 0.80078125 0.15 0.1171875
25 0.8828125 0.92734375 0.1578125 0.1296875
25 0.846875 0.8640625 0.06875 0.05
25 0.265625 0.909375 0.2578125 0.18125
25 0.7078125 0.48828125 0.1640625 0.1546875