2 0.64453125 0.56328125 0.175 0.078125
2 0.47578125 0.64765625 0.1734375 0.190625
2 0.59921875 0.4328125 0.125 0.1875
2 0.7921875 0.85078125 0.359375 0.290625
2 0.51875 0.88828125 0.1734375 0.084375
2 0.35546875 0.5125 0.2578125 0.1015625
2 0.08671875 0.571875 0.0953125 0.1421875
2 0.23515625 0.59453125 0.075 0.1296875
2 0.128125 0.80625 0.09375 0.1265625
2 0.2578125 0.91171875 0.18125 0.0859375
2 0.24140625 0.7859375 0.09375 0.1171875
2 0.38671875 0.85859375 0.090625 0.0796875
2 0.21796875 0.35234375 0.2640625 0.1328125
2 0.89609375 0.20859375 0.2078125 0.1984375
2 0.81015625 0.2265625 0.1359375 0.165625
2 0.74375 0.1203125 0.1828125 0.11875
2 0.865625 0.10703125 0.0640625 0.0875
2 0.67109375 0.24140625 0.1953125 0.1
2 0.8375 0.36171875 0.19375 0.1359375