19 0.9453125 0.3453125 0.109375 0.13125
19 0.90703125 0.42890625 0.06875 0.078125
19 0.740625 0.35 0.1046875 0.1328125
19 0.8296875 0.65625 0.103125 0.1265625
19 0.75234375 0.53046875 0.084375 0.1109375
19 0.70546875 0.63203125 0.075 0.09375
19 0.6375 0.57109375 0.1 0.1328125
19 0.60078125 0.4125 0.0953125 0.0984375
19 0.5875 0.49921875 0.05 0.0734375
19 0.52109375 0.51640625 0.096875 0.115625
19 0.4484375 0.6015625 0.084375 0.1125
19 0.4078125 0.49765625 0.0796875 0.0953125
19 0.36640625 0.5984375 0.0765625 0.1125
19 0.421875 0.71953125 0.0921875 0.13125
19 0.54140625 0.946875 0.078125 0.10625
19 0.70390625 0.8828125 0.08125 0.1125
19 0.77265625 0.8796875 0.0671875 0.1
19 0.69296875 0.05546875 0.1 0.103125
19 0.6078125 0.25625 0.09375 0.103125
19 0.5921875 0.1546875 0.09375 0.0953125
19 0.53984375 0.05859375 0.0609375 0.096875
19 0.465625 0.11796875 0.065625 0.0828125
19 0.3984375 0.39765625 0.0640625 0.0828125
19 0.32890625 0.7015625 0.0765625 0.1
19 0.2796875 0.821875 0.0671875 0.0953125
19 0.22578125 0.75546875 0.0546875 0.090625
19 0.82421875 0.32890625 0.0859375 0.1125