2 0.4375 0.3640625 0.175 0.3875
2 0.21015625 0.4453125 0.3546875 0.2078125
2 0.603125 0.59453125 0.321875 0.10625
2 0.41875 0.78515625 0.1546875 0.3515625
2 0.6734375 0.70390625 0.3171875 0.1515625
2 0.27109375 0.56640625 0.28125 0.0828125
2 0.6 0.42265625 0.175 0.225
2 0.803125 0.15 0.1953125 0.2984375
2 0.5578125 0.05859375 0.4109375 0.1171875
2 0.19609375 0.13203125 0.11875 0.103125
2 0.3328125 0.28046875 0.1296875 0.0921875
2 0.14921875 0.3140625 0.209375 0.0859375
2 0.1828125 0.215625 0.1515625 0.0484375
2 0.76328125 0.828125 0.2265625 0.1921875
2 0.3421875 0.16953125 0.153125 0.075
2 0.2078125 0.815625 0.2671875 0.165625
2 0.77890625 0.51796875 0.090625 0.10625
2 0.571875 0.890625 0.14375 0.090625
2 0.0734375 0.47890625 0.146875 0.2796875