2 0.51484375 0.4859375 0.2109375 0.4734375
2 0.75390625 0.659375 0.1046875 0.1296875
2 0.7765625 0.5859375 0.1 0.034375
2 0.89140625 0.55859375 0.090625 0.1484375
2 0.93203125 0.46953125 0.11875 0.0328125
2 0.8703125 0.41484375 0.059375 0.1109375
2 0.8375 0.34375 0.075 0.1515625
2 0.75546875 0.51796875 0.13125 0.1015625
2 0.44296875 0.85625 0.2296875 0.2453125
2 0.1875 0.8296875 0.21875 0.221875
2 0.3828125 0.66015625 0.1359375 0.0734375
2 0.2453125 0.75 0.115625 0.109375
2 0.15078125 0.453125 0.128125 0.253125
2 0.26015625 0.33203125 0.1703125 0.0953125
2 0.396875 0.21484375 0.1796875 0.059375
2 0.365625 0.4921875 0.134375 0.0875
2 0.8109375 0.2171875 0.134375 0.05625
2 0.909375 0.28671875 0.0484375 0.0984375