2 0.5359375 0.4453125 0.315625 0.11875
2 0.45 0.6875 0.10625 0.346875
2 0.296875 0.6546875 0.090625 0.3875
2 0.1859375 0.47109375 0.2296875 0.1203125
2 0.25703125 0.26484375 0.096875 0.2921875
2 0.3703125 0.3921875 0.15625 0.0953125
2 0.4609375 0.2359375 0.128125 0.2890625
2 0.640625 0.0984375 0.075 0.1890625
2 0.746875 0.3609375 0.1453125 0.2078125
2 0.6 0.21875 0.128125 0.0734375
2 0.909375 0.27578125 0.18125 0.2203125
2 0.86640625 0.62890625 0.0984375 0.253125
2 0.30234375 0.18203125 0.11875 0.090625