2 0.534375 0.66953125 0.1515625 0.39375
2 0.33828125 0.4140625 0.3828125 0.1125
2 0.759375 0.40703125 0.40625 0.1203125
2 0.5046875 0.26796875 0.153125 0.321875
2 0.23984375 0.34921875 0.2171875 0.2859375
2 0.2640625 0.215625 0.1203125 0.184375
2 0.2375 0.8515625 0.0859375 0.1703125
2 0.2390625 0.65546875 0.090625 0.153125
2 0.11015625 0.72890625 0.2203125 0.0734375
2 0.3859375 0.775 0.190625 0.1109375
2 0.7640625 0.80390625 0.209375 0.0984375
2 0.76640625 0.48984375 0.3515625 0.0921875
2 0.84765625 0.28984375 0.1953125 0.25625
2 0.059375 0.16484375 0.11875 0.1765625
2 0.05625 0.3453125 0.1125 0.125
2 0.275 0.51796875 0.3921875 0.10625
2 0.659375 0.875 0.090625 0.184375
2 0.7140625 0.59609375 0.1109375 0.096875
2 0.3609375 0.65390625 0.1265625 0.053125