2 0.4828125 0.30703125 0.1546875 0.396875
2 0.74453125 0.46328125 0.39375 0.1078125
2 0.6828125 0.56015625 0.3765625 0.109375
2 0.51171875 0.709375 0.1484375 0.3125
2 0.25703125 0.5671875 0.3921875 0.121875
2 0.16953125 0.68828125 0.1984375 0.2546875
2 0.77421875 0.32421875 0.090625 0.1640625
2 0.89765625 0.25234375 0.2046875 0.075
2 0.77265625 0.13046875 0.0859375 0.175
2 0.62578125 0.20703125 0.190625 0.1078125
2 0.23671875 0.1765625 0.1984375 0.0984375
2 0.28828125 0.2984375 0.2 0.1015625
2 0.259375 0.49453125 0.36875 0.0921875
2 0.775 0.625 0.21875 0.2890625
2 0.75546875 0.76015625 0.11875 0.1859375
2 0.9484375 0.80859375 0.103125 0.1671875