17 0.3421875 0.4265625 0.20625 0.240625
17 0.7453125 0.50078125 0.4734375 0.190625
17 0.15 0.90625 0.275 0.0765625
17 0.08515625 0.71484375 0.165625 0.153125
17 0.17109375 0.5578125 0.2484375 0.090625
17 0.3 0.634375 0.1921875 0.128125
17 0.53515625 0.65859375 0.2390625 0.215625
17 0.496875 0.80078125 0.3296875 0.1515625
17 0.271875 0.8015625 0.171875 0.146875
17 0.7296875 0.73125 0.2625 0.1640625
17 0.653125 0.2953125 0.14375 0.2609375
17 0.56171875 0.071875 0.1828125 0.14375
17 0.8734375 0.04609375 0.253125 0.0921875
17 0.8140625 0.29765625 0.125 0.19375