17 0.9078125 0.4171875 0.15625 0.165625
17 0.93203125 0.12578125 0.1046875 0.2359375
17 0.5125 0.2765625 0.184375 0.5
17 0.5796875 0.646875 0.23125 0.2015625
17 0.45390625 0.825 0.0828125 0.253125
17 0.3828125 0.69296875 0.1265625 0.2078125
17 0.371875 0.46484375 0.2265625 0.234375
17 0.2609375 0.26640625 0.159375 0.234375
17 0.18984375 0.5328125 0.16875 0.3359375
17 0.0921875 0.86875 0.0796875 0.259375
17 0.2921875 0.91640625 0.15625 0.1671875
17 0.85703125 0.2578125 0.0765625 0.1890625
17 0.6890625 0.34609375 0.2109375 0.1359375
17 0.67890625 0.190625 0.1765625 0.1125