19 0.6546875 0.9453125 0.13125 0.109375
19 0.57109375 0.90703125 0.078125 0.06875
19 0.65 0.740625 0.1328125 0.1046875
19 0.34375 0.8296875 0.1265625 0.103125
19 0.46953125 0.75234375 0.1109375 0.084375
19 0.36796875 0.70546875 0.09375 0.075
19 0.42890625 0.6375 0.1328125 0.1
19 0.5875 0.60078125 0.0984375 0.0953125
19 0.50078125 0.5875 0.0734375 0.05
19 0.48359375 0.52109375 0.115625 0.096875
19 0.3984375 0.4484375 0.1125 0.084375
19 0.50234375 0.4078125 0.0953125 0.0796875
19 0.4015625 0.36640625 0.1125 0.0765625
19 0.28046875 0.421875 0.13125 0.0921875
19 0.053125 0.54140625 0.10625 0.078125
19 0.1171875 0.70390625 0.1125 0.08125
19 0.1203125 0.77265625 0.1 0.0671875
19 0.94453125 0.69296875 0.103125 0.1
19 0.74375 0.6078125 0.103125 0.09375
19 0.8453125 0.5921875 0.0953125 0.09375
19 0.94140625 0.53984375 0.096875 0.0609375
19 0.88203125 0.465625 0.0828125 0.065625
19 0.60234375 0.3984375 0.0828125 0.0640625
19 0.2984375 0.32890625 0.1 0.0765625
19 0.178125 0.2796875 0.0953125 0.0671875
19 0.24453125 0.22578125 0.090625 0.0546875
19 0.67109375 0.82421875 0.1125 0.0859375