2 0.40703125 0.64296875 0.1171875 0.2421875
2 0.60078125 0.6421875 0.15625 0.190625
2 0.8265625 0.640625 0.1640625 0.203125
2 0.5640625 0.42734375 0.2375 0.1390625
2 0.26015625 0.51796875 0.3 0.0984375
2 0.20546875 0.41640625 0.1515625 0.2453125
2 0.3328125 0.31953125 0.1640625 0.0890625
2 0.49765625 0.3015625 0.128125 0.1015625
2 0.6125 0.240625 0.0828125 0.1046875
2 0.753125 0.31875 0.2328125 0.1
2 0.83203125 0.5109375 0.1640625 0.0625
2 0.04296875 0.45 0.0859375 0.1734375
2 0.25546875 0.16796875 0.19375 0.171875
2 0.71640625 0.4203125 0.1875 0.10625