19 0.6703125 0.94140625 0.1328125 0.1140625
19 0.5859375 0.9015625 0.078125 0.0703125
19 0.3609375 0.82734375 0.121875 0.1015625
19 0.38359375 0.7046875 0.0921875 0.075
19 0.44765625 0.63828125 0.128125 0.1015625
19 0.13984375 0.7046875 0.11875 0.08125
19 0.1421875 0.77265625 0.0984375 0.0671875
19 0.1609375 0.60703125 0.1390625 0.096875
19 0.0703125 0.54453125 0.1078125 0.0765625
19 0.6640625 0.73828125 0.13125 0.103125
19 0.68984375 0.821875 0.1140625 0.0796875
19 0.85859375 0.71328125 0.121875 0.1109375
19 0.7546875 0.60859375 0.10625 0.090625
19 0.6015625 0.6015625 0.1015625 0.0953125
19 0.4984375 0.52265625 0.1140625 0.0984375
19 0.41328125 0.4515625 0.1125 0.0828125
19 0.29609375 0.425 0.115625 0.096875
19 0.3078125 0.33203125 0.09375 0.078125
19 0.415625 0.36953125 0.1109375 0.078125
19 0.515625 0.41171875 0.0953125 0.078125
19 0.6109375 0.4015625 0.0828125 0.0640625
19 0.19375 0.2859375 0.1015625 0.065625
19 0.03359375 0.2625 0.0671875 0.071875
19 0.2578125 0.23203125 0.0859375 0.0546875
19 0.8359375 0.58984375 0.1140625 0.0859375
19 0.94609375 0.540625 0.096875 0.059375
19 0.88359375 0.46953125 0.0890625 0.0640625
19 0.19921875 0.48828125 0.1109375 0.0734375
19 0.4859375 0.7515625 0.1125 0.0828125