4 0.43125 0.74921875 0.1640625 0.4265625
4 0.54921875 0.7875 0.0890625 0.2328125
4 0.64140625 0.51953125 0.359375 0.21875
4 0.446875 0.278125 0.165625 0.4046875
4 0.26796875 0.2609375 0.2078125 0.23125
4 0.27421875 0.50546875 0.3640625 0.2328125
4 0.159375 0.725 0.1359375 0.2203125
4 0.31015625 0.7328125 0.121875 0.225
4 0.73203125 0.78515625 0.1265625 0.0921875
4 0.73984375 0.95078125 0.125 0.0984375
4 0.84921875 0.89140625 0.1765625 0.1484375
4 0.8 0.78984375 0.0875 0.20625
4 0.69453125 0.228125 0.190625 0.1203125
4 0.671875 0.34609375 0.1765625 0.140625
4 0.80703125 0.4078125 0.1296875 0.2375
4 0.90703125 0.1453125 0.1859375 0.15625
4 0.7796875 0.103125 0.1046875 0.20625