2 0.63359375 0.54375 0.284375 0.128125
2 0.57578125 0.38671875 0.1484375 0.2015625
2 0.45546875 0.4265625 0.065625 0.2125
2 0.41171875 0.35390625 0.2171875 0.2125
2 0.50234375 0.6296875 0.0984375 0.1453125
2 0.34609375 0.56171875 0.2265625 0.1125
2 0.18359375 0.55 0.1703125 0.2484375
2 0.3140625 0.76953125 0.115625 0.3484375
2 0.46796875 0.86953125 0.31875 0.259375
2 0.68046875 0.76953125 0.16875 0.1859375
2 0.71328125 0.9078125 0.159375 0.184375
2 0.8578125 0.8859375 0.2078125 0.1421875
2 0.40703125 0.7390625 0.1125 0.175
2 0.153125 0.8734375 0.115625 0.1859375
2 0.090625 0.8703125 0.1109375 0.259375
2 0.2546875 0.3171875 0.0828125 0.19375
2 0.70859375 0.653125 0.11875 0.078125