4 0.5109375 0.27265625 0.2328125 0.3578125
4 0.74921875 0.42890625 0.434375 0.1625
4 0.790625 0.54765625 0.2375 0.0921875
4 0.7328125 0.31015625 0.234375 0.1234375
4 0.7265625 0.1609375 0.2265625 0.1359375
4 0.26640625 0.26796875 0.2359375 0.2109375
4 0.28203125 0.4453125 0.4015625 0.165625
4 0.52421875 0.64375 0.21875 0.35
4 0.41015625 0.8078125 0.23125 0.1265625
4 0.22734375 0.69453125 0.121875 0.1921875
4 0.35078125 0.67109375 0.1359375 0.1796875
4 0.103125 0.77890625 0.20625 0.1046875
4 0.14609375 0.90859375 0.15625 0.18125
4 0.7890625 0.73203125 0.090625 0.1328125
4 0.89296875 0.84375 0.14375 0.1859375