4 0.4796875 0.2890625 0.2328125 0.359375
4 0.721875 0.44453125 0.425 0.1609375
4 0.49296875 0.65234375 0.21875 0.3671875
4 0.25078125 0.45859375 0.4 0.16875
4 0.240625 0.28203125 0.23125 0.203125
4 0.70078125 0.18125 0.2265625 0.1359375
4 0.709375 0.32578125 0.2265625 0.121875
4 0.771875 0.56328125 0.2296875 0.0921875
4 0.2046875 0.7125 0.1234375 0.19375
4 0.32578125 0.690625 0.140625 0.1859375
4 0.7125 0.6359375 0.14375 0.0953125
4 0.77421875 0.81875 0.2078125 0.0890625
4 0.88046875 0.86171875 0.1484375 0.1859375
4 0.76953125 0.74921875 0.09375 0.1328125
4 0.39375 0.82734375 0.2453125 0.13125