25 0.51796875 0.7421875 0.3109375 0.221875
25 0.653125 0.4859375 0.296875 0.1984375
25 0.315625 0.525 0.296875 0.196875
25 0.4765625 0.3390625 0.3 0.1921875
25 0.20234375 0.41640625 0.159375 0.128125
25 0.28984375 0.3 0.146875 0.1625
25 0.2328125 0.353125 0.0875 0.0546875
25 0.05625 0.32109375 0.109375 0.1125
25 0.84921875 0.4234375 0.09375 0.0625
25 0.68203125 0.34375 0.128125 0.0953125
25 0.8453125 0.34921875 0.0953125 0.071875
25 0.85 0.22109375 0.153125 0.11875
25 0.6203125 0.09140625 0.190625 0.1578125
25 0.88515625 0.090625 0.190625 0.1390625
25 0.8828125 0.5859375 0.1171875 0.08125