2 0.609375 0.43125 0.125 0.19375
2 0.65078125 0.55859375 0.16875 0.0796875
2 0.48359375 0.63984375 0.1765625 0.184375
2 0.64296875 0.640625 0.0953125 0.0875
2 0.80078125 0.84453125 0.3546875 0.2890625
2 0.8984375 0.20390625 0.203125 0.1984375
2 0.7484375 0.11640625 0.175 0.1171875
2 0.809375 0.22265625 0.1171875 0.1640625
2 0.68359375 0.2375 0.215625 0.1015625
2 0.33203125 0.50390625 0.1953125 0.103125
2 0.49453125 0.503125 0.1234375 0.0625
2 0.22421875 0.34296875 0.2578125 0.1265625
2 0.25390625 0.39765625 0.0640625 0.0984375
2 0.0640625 0.42734375 0.0578125 0.090625
2 0.0921875 0.565625 0.096875 0.1453125
2 0.03359375 0.30625 0.0671875 0.103125
2 0.2640625 0.90703125 0.1796875 0.0859375
2 0.24609375 0.78046875 0.0984375 0.1140625
2 0.13515625 0.80078125 0.103125 0.125
2 0.52265625 0.88125 0.171875 0.08125
2 0.3890625 0.85078125 0.0859375 0.08125
2 0.23828125 0.5921875 0.0765625 0.121875
2 0.8421875 0.35859375 0.2 0.1375
2 0.928125 0.67421875 0.14375 0.1390625