2 0.46953125 0.54609375 0.0625 0.1359375
2 0.6390625 0.4875 0.2765625 0.0703125
2 0.4953125 0.41875 0.06875 0.1140625
2 0.34375 0.46171875 0.23125 0.0625
2 0.49609375 0.63125 0.084375 0.2
2 0.4765625 0.35859375 0.0828125 0.175
2 0.2765625 0.53984375 0.0484375 0.109375
2 0.2125 0.55390625 0.090625 0.1125
2 0.4015625 0.91640625 0.134375 0.1671875
2 0.64140625 0.82265625 0.19375 0.0546875
2 0.73828125 0.934375 0.0796875 0.13125
2 0.33359375 0.77578125 0.0609375 0.1234375
2 0.1875 0.6734375 0.16875 0.04375
2 0.871875 0.9203125 0.1953125 0.146875
2 0.25625 0.74609375 0.09375 0.1015625
2 0.46015625 0.70625 0.009375 0.003125