16 0.396875 0.603125 0.1375 0.11875
16 0.30703125 0.5421875 0.103125 0.09375
16 0.378125 0.4734375 0.153125 0.0921875
16 0.22109375 0.475 0.1109375 0.078125
16 0.23203125 0.584375 0.0890625 0.096875
16 0.53359375 0.59140625 0.1125 0.125
16 0.56796875 0.50390625 0.0875 0.0578125
16 0.465625 0.51015625 0.1125 0.0546875
16 0.67578125 0.528125 0.1078125 0.0875
16 0.73359375 0.584375 0.0765625 0.0578125
16 0.65 0.59609375 0.0890625 0.053125
16 0.7140625 0.6640625 0.0984375 0.109375
16 0.8625 0.46171875 0.159375 0.103125
16 0.89453125 0.390625 0.109375 0.059375
16 0.85703125 0.328125 0.1375 0.090625