25 0.38359375 0.61875 0.190625 0.2375
25 0.5125 0.27109375 0.1984375 0.265625
25 0.69765625 0.475 0.178125 0.2453125
25 0.76875 0.37734375 0.1109375 0.1140625
25 0.70859375 0.30234375 0.0953125 0.134375
25 0.7453125 0.23984375 0.16875 0.140625
25 0.28828125 0.0734375 0.16875 0.1453125
25 0.14609375 0.16015625 0.1265625 0.1578125
25 0.06015625 0.209375 0.1125 0.0984375
25 0.11796875 0.43984375 0.125 0.1234375
25 0.17890625 0.3234375 0.1265625 0.13125
25 0.0359375 0.4984375 0.071875 0.16875
25 0.04765625 0.71171875 0.0953125 0.1265625
25 0.0890625 0.775 0.096875 0.134375
25 0.20625 0.95546875 0.0921875 0.0890625
25 0.2484375 0.84140625 0.0765625 0.103125
25 0.26171875 0.60078125 0.096875 0.1796875
25 0.68359375 0.13359375 0.109375 0.0859375