19 0.91875 0.778125 0.1140625 0.09375
19 0.75703125 0.77109375 0.134375 0.09375
19 0.82265625 0.6515625 0.1125 0.09375
19 0.62265625 0.6421875 0.14375 0.103125
19 0.7921875 0.55390625 0.1625 0.1125
19 0.75078125 0.446875 0.084375 0.0671875
19 0.62734375 0.4515625 0.1 0.0875
19 0.53671875 0.40078125 0.140625 0.1078125
19 0.7734375 0.38984375 0.1484375 0.109375
19 0.51796875 0.30390625 0.1359375 0.1015625
19 0.409375 0.309375 0.0921875 0.0828125
19 0.2984375 0.31484375 0.10625 0.0734375
19 0.26328125 0.4203125 0.134375 0.0921875
19 0.36328125 0.5171875 0.115625 0.0984375
19 0.459375 0.58984375 0.15 0.1
19 0.278125 0.6078125 0.10625 0.08125
19 0.41171875 0.18671875 0.1140625 0.0875
19 0.0625 0.096875 0.1140625 0.0796875
19 0.12109375 0.25859375 0.0875 0.059375
19 0.1234375 0.36640625 0.0984375 0.0671875