19 0.321875 0.91484375 0.1921875 0.1609375
19 0.83984375 0.86171875 0.1734375 0.1453125
19 0.7984375 0.7265625 0.2109375 0.165625
19 0.69765625 0.659375 0.1296875 0.103125
19 0.50625 0.77890625 0.1625 0.1328125
19 0.35625 0.73125 0.1359375 0.109375
19 0.44609375 0.58671875 0.1875 0.1484375
19 0.54921875 0.51640625 0.103125 0.06875
19 0.6765625 0.5359375 0.146875 0.1328125
19 0.52734375 0.4015625 0.16875 0.13125
19 0.3953125 0.3125 0.159375 0.1078125
19 0.39765625 0.22109375 0.15625 0.096875
19 0.9 0.5390625 0.1421875 0.1390625
19 0.14296875 0.66875 0.184375 0.128125
19 0.09296875 0.32890625 0.1734375 0.125