2 0.6359375 0.4375 0.3875 0.175
2 0.5546875 0.21015625 0.2078125 0.3546875
2 0.40546875 0.603125 0.10625 0.321875
2 0.21484375 0.41875 0.3515625 0.1546875
2 0.29609375 0.6734375 0.1515625 0.3171875
2 0.43359375 0.27109375 0.0828125 0.28125
2 0.57734375 0.6 0.225 0.175
2 0.85 0.803125 0.2984375 0.1953125
2 0.94140625 0.5578125 0.1171875 0.4109375
2 0.86796875 0.19609375 0.103125 0.11875
2 0.71953125 0.3328125 0.0921875 0.1296875
2 0.6859375 0.14921875 0.0859375 0.209375
2 0.784375 0.1828125 0.0484375 0.1515625
2 0.171875 0.76328125 0.1921875 0.2265625
2 0.83046875 0.3421875 0.075 0.153125
2 0.184375 0.2078125 0.165625 0.2671875
2 0.48203125 0.77890625 0.10625 0.090625
2 0.109375 0.571875 0.090625 0.14375
2 0.52109375 0.0734375 0.2796875 0.146875