25 0.79609375 0.084375 0.25625 0.16875
25 0.93125 0.15859375 0.128125 0.1140625
25 0.7671875 0.19140625 0.2078125 0.1328125
25 0.503125 0.3796875 0.2921875 0.215625
25 0.74921875 0.43203125 0.171875 0.121875
25 0.32421875 0.221875 0.1328125 0.1078125
25 0.48984375 0.2109375 0.10625 0.0875
25 0.6015625 0.24765625 0.1078125 0.096875
25 0.48984375 0.06484375 0.1140625 0.1140625
25 0.17265625 0.3234375 0.1703125 0.1328125
25 0.11875 0.55234375 0.2375 0.203125
25 0.3125 0.49453125 0.2046875 0.1203125
25 0.37890625 0.76328125 0.1984375 0.221875
25 0.1015625 0.76015625 0.203125 0.253125
25 0.8421875 0.571875 0.3046875 0.215625
25 0.40390625 0.03359375 0.1421875 0.0671875