2 0.59296875 0.35703125 0.1171875 0.2421875
2 0.39921875 0.3578125 0.15625 0.190625
2 0.1734375 0.359375 0.1640625 0.203125
2 0.4359375 0.57265625 0.2375 0.1390625
2 0.73984375 0.48203125 0.3 0.0984375
2 0.79453125 0.58359375 0.1515625 0.2453125
2 0.6671875 0.68046875 0.1640625 0.0890625
2 0.50234375 0.6984375 0.128125 0.1015625
2 0.3875 0.759375 0.0828125 0.1046875
2 0.246875 0.68125 0.2328125 0.1
2 0.16796875 0.4890625 0.1640625 0.0625
2 0.95703125 0.55 0.0859375 0.1734375
2 0.74453125 0.83203125 0.19375 0.171875
2 0.28359375 0.5796875 0.1875 0.10625