25 0.4921875 0.2921875 0.34375 0.2265625
25 0.5703125 0.49140625 0.1890625 0.153125
25 0.4734375 0.62265625 0.296875 0.1859375
25 0.36953125 0.47109375 0.2015625 0.140625
25 0.6921875 0.41875 0.2 0.1875
25 0.2859375 0.3953125 0.1515625 0.1421875
25 0.44609375 0.0390625 0.2 0.078125
25 0.6109375 0.0953125 0.265625 0.190625
25 0.33515625 0.76796875 0.13125 0.0890625
25 0.2375 0.81640625 0.146875 0.1046875
25 0.15078125 0.9484375 0.159375 0.0890625
25 0.87265625 0.765625 0.1125 0.090625
25 0.9484375 0.8015625 0.0890625 0.0515625
25 0.9 0.8390625 0.0875 0.078125