21 0.33515625 0.64453125 0.28125 0.0984375
21 0.4203125 0.55859375 0.1375 0.0859375
21 0.528125 0.58046875 0.05625 0.0578125
21 0.61015625 0.621875 0.1203125 0.0609375
21 0.4671875 0.70625 0.1078125 0.0953125
21 0.41875 0.825 0.1375 0.134375
21 0.70390625 0.7359375 0.259375 0.1609375
21 0.65703125 0.53125 0.1984375 0.121875
21 0.80625 0.60078125 0.334375 0.0875
21 0.33984375 0.43203125 0.1453125 0.1046875
21 0.3171875 0.3578125 0.1140625 0.06875
21 0.28828125 0.2921875 0.128125 0.0703125
21 0.60234375 0.3328125 0.1546875 0.0671875
21 0.45703125 0.2328125 0.103125 0.0953125
21 0.4890625 0.35546875 0.1125 0.0859375