25 0.440625 0.4921875 0.21875 0.3125
25 0.65859375 0.69140625 0.278125 0.34375
25 0.88046875 0.5515625 0.2390625 0.4421875
25 0.74609375 0.23828125 0.3671875 0.446875
25 0.3484375 0.78828125 0.225 0.2859375
25 0.2734375 0.54765625 0.14375 0.228125
25 0.0984375 0.7140625 0.1875 0.28125
25 0.44140625 0.89765625 0.11875 0.1234375
25 0.5125 0.94296875 0.121875 0.1140625
25 0.6046875 0.903125 0.1171875 0.128125
25 0.18828125 0.25546875 0.09375 0.1296875
25 0.1640625 0.14375 0.071875 0.0859375
25 0.240625 0.16484375 0.059375 0.0984375
25 0.20625 0.06484375 0.090625 0.121875
25 0.07421875 0.19609375 0.0734375 0.1140625
25 0.32265625 0.084375 0.084375 0.11875
25 0.3765625 0.084375 0.071875 0.1296875