4 0.51640625 0.70703125 0.2609375 0.3875
4 0.75546875 0.51328125 0.4609375 0.175
4 0.52109375 0.30703125 0.240625 0.4140625
4 0.25078125 0.5265625 0.45 0.175
4 0.2234375 0.721875 0.253125 0.2296875
4 0.71875 0.81875 0.2109375 0.1265625
4 0.71796875 0.665625 0.228125 0.125
4 0.6859375 0.35234375 0.1515625 0.1015625
4 0.875 0.30078125 0.2015625 0.065625
4 0.75078125 0.2359375 0.0859375 0.1375
4 0.74375 0.1640625 0.196875 0.0875
4 0.90546875 0.21796875 0.096875 0.125
4 0.8328125 0.1234375 0.146875 0.1828125
4 0.34765625 0.15859375 0.2671875 0.134375
4 0.29296875 0.3 0.1515625 0.190625
4 0.16015625 0.275 0.125 0.1984375