2 0.5125 0.69140625 0.153125 0.3953125
2 0.31953125 0.43359375 0.3875 0.115625
2 0.21953125 0.36796875 0.2140625 0.2890625
2 0.2359375 0.2328125 0.1203125 0.1890625
2 0.48515625 0.2890625 0.15 0.3234375
2 0.828125 0.30625 0.1921875 0.259375
2 0.73515625 0.42890625 0.409375 0.115625
2 0.73046875 0.50234375 0.3859375 0.0984375
2 0.2203125 0.671875 0.0890625 0.1578125
2 0.103125 0.74375 0.20625 0.0703125
2 0.16796875 0.8015625 0.1203125 0.08125
2 0.22109375 0.86484375 0.084375 0.171875
2 0.36953125 0.790625 0.184375 0.109375
2 0.7515625 0.8203125 0.215625 0.0984375
2 0.71015625 0.703125 0.20625 0.10625
2 0.046875 0.1890625 0.09375 0.159375
2 0.646875 0.89453125 0.1 0.1734375
2 0.25 0.5328125 0.390625 0.10625