2 0.4703125 0.428125 0.15625 0.3328125
2 0.61875 0.21484375 0.246875 0.096875
2 0.71015625 0.36171875 0.3515625 0.1796875
2 0.3421875 0.2125 0.2484375 0.0828125
2 0.50234375 0.12734375 0.15625 0.128125
2 0.3015625 0.06953125 0.296875 0.1078125
2 0.13984375 0.2015625 0.203125 0.26875
2 0.21640625 0.33046875 0.375 0.1671875
2 0.18984375 0.4953125 0.0734375 0.146875
2 0.38046875 0.584375 0.1484375 0.3015625
2 0.7203125 0.75078125 0.2265625 0.228125
2 0.77890625 0.615625 0.24375 0.0703125
2 0.5296875 0.6734375 0.153125 0.1203125
2 0.8234375 0.55 0.2 0.0984375
2 0.803125 0.2359375 0.1328125 0.1484375
2 0.65703125 0.14609375 0.1734375 0.0734375
2 0.1015625 0.66328125 0.2015625 0.078125
2 0.271875 0.771875 0.1 0.215625
2 0.55625 0.8421875 0.11875 0.2015625