25 0.82421875 0.8953125 0.2953125 0.171875
25 0.3390625 0.89921875 0.128125 0.0921875
25 0.18046875 0.90859375 0.203125 0.0890625
25 0.10703125 0.70625 0.2140625 0.209375
25 0.34453125 0.68828125 0.2 0.2125
25 0.59375 0.71328125 0.353125 0.271875
25 0.86796875 0.55703125 0.2640625 0.2890625
25 0.4828125 0.4625 0.328125 0.25
25 0.26171875 0.4890625 0.18125 0.159375
25 0.8703125 0.35078125 0.259375 0.1921875
25 0.80078125 0.15859375 0.3984375 0.29375
25 0.4171875 0.23046875 0.31875 0.2453125
25 0.2375 0.12734375 0.253125 0.2359375