0 0.5921875 0.465625 0.2078125 0.1203125
0 0.5484375 0.6453125 0.2078125 0.109375
0 0.7546875 0.6609375 0.1609375 0.159375
0 0.71015625 0.36484375 0.1390625 0.1015625
0 0.88828125 0.45546875 0.165625 0.084375
0 0.7953125 0.39765625 0.078125 0.0765625
0 0.69765625 0.44140625 0.1140625 0.065625
0 0.72734375 0.54375 0.1484375 0.1375
0 0.18359375 0.50546875 0.08125 0.0625
0 0.27421875 0.5328125 0.06875 0.0578125
0 0.28125 0.61796875 0.115625 0.1203125
0 0.45390625 0.5109375 0.103125 0.090625
0 0.4 0.5546875 0.1296875 0.121875
0 0.38515625 0.45078125 0.09375 0.0515625
0 0.46484375 0.4046875 0.0953125 0.084375
0 0.36953125 0.40859375 0.109375 0.0796875