2 0.8703125 0.92734375 0.1828125 0.1421875
2 0.73359375 0.93828125 0.08125 0.1234375
2 0.63359375 0.83203125 0.1953125 0.059375
2 0.38984375 0.91953125 0.13125 0.159375
2 0.45703125 0.55625 0.0609375 0.1359375
2 0.48671875 0.6390625 0.0859375 0.2
2 0.6203125 0.49609375 0.275 0.0671875
2 0.48125 0.428125 0.0625 0.109375
2 0.4640625 0.36875 0.078125 0.1734375
2 0.33203125 0.46953125 0.2328125 0.059375
2 0.4390625 0.70859375 0.0671875 0.1578125
2 0.3078125 0.5765625 0.234375 0.1109375
2 0.265625 0.55 0.0515625 0.109375
2 0.6578125 0.55 0.2421875 0.04375
2 0.24765625 0.7546875 0.090625 0.1015625
2 0.17734375 0.6796875 0.175 0.0484375
2 0.76328125 0.7375 0.096875 0.14375