25 0.61875 0.61640625 0.2375 0.190625
25 0.27109375 0.4875 0.265625 0.1984375
25 0.475 0.30234375 0.2453125 0.178125
25 0.37734375 0.23125 0.1140625 0.1109375
25 0.30234375 0.29140625 0.134375 0.0953125
25 0.23984375 0.2546875 0.140625 0.16875
25 0.0734375 0.71171875 0.1453125 0.16875
25 0.16015625 0.85390625 0.1578125 0.1265625
25 0.209375 0.93984375 0.0984375 0.1125
25 0.43984375 0.88203125 0.1234375 0.125
25 0.3234375 0.82109375 0.13125 0.1265625
25 0.4984375 0.9640625 0.16875 0.071875
25 0.71171875 0.95234375 0.1265625 0.0953125
25 0.775 0.9109375 0.134375 0.096875
25 0.95546875 0.79375 0.0890625 0.0921875
25 0.84140625 0.7515625 0.103125 0.0765625
25 0.60078125 0.73828125 0.1796875 0.096875
25 0.13359375 0.31640625 0.0859375 0.109375