2 0.51484375 0.484375 0.315625 0.11875
2 0.4328125 0.7203125 0.10625 0.3453125
2 0.26953125 0.70078125 0.0890625 0.3953125
2 0.23046875 0.30234375 0.1 0.2875
2 0.1609375 0.509375 0.215625 0.1203125
2 0.44296875 0.27265625 0.1234375 0.3109375
2 0.7328125 0.378125 0.140625 0.20625
2 0.6359375 0.41953125 0.25 0.1
2 0.628125 0.11484375 0.0703125 0.1953125
2 0.5875 0.23671875 0.121875 0.0703125
2 0.71953125 0.1671875 0.1171875 0.13125
2 0.90234375 0.2828125 0.1953125 0.221875
2 0.8671875 0.6265625 0.096875 0.2578125
2 0.853125 0.85234375 0.14375 0.13125
2 0.28515625 0.20546875 0.1265625 0.0828125
2 0.97109375 0.42421875 0.0578125 0.275
2 0.415625 0.228125 0.1234375 0.0640625