19 0.14453125 0.41015625 0.146875 0.1125
19 0.3109375 0.45390625 0.178125 0.121875
19 0.48671875 0.4625 0.1328125 0.1046875
19 0.63515625 0.4921875 0.1375 0.121875
19 0.815625 0.43125 0.1515625 0.125
19 0.8578125 0.58125 0.2140625 0.1609375
19 0.6515625 0.590625 0.1328125 0.10625
19 0.46171875 0.61015625 0.2078125 0.15625
19 0.1203125 0.63203125 0.15625 0.1140625
19 0.3046875 0.78984375 0.1453125 0.121875
19 0.5078125 0.8984375 0.1484375 0.134375
19 0.765625 0.87890625 0.18125 0.134375
19 0.8765625 0.76015625 0.1125 0.1140625
19 0.73671875 0.709375 0.109375 0.0921875
19 0.296875 0.6203125 0.1390625 0.10625
19 0.09296875 0.5046875 0.15625 0.109375