2 0.58046875 0.409375 0.275 0.1296875
2 0.76015625 0.53828125 0.0796875 0.2078125
2 0.8328125 0.44453125 0.109375 0.1265625
2 0.76015625 0.309375 0.065625 0.2140625
2 0.76640625 0.1328125 0.221875 0.1640625
2 0.878125 0.28203125 0.09375 0.2703125
2 0.5109375 0.178125 0.125 0.053125
2 0.43125 0.34140625 0.259375 0.125
2 0.2640625 0.25546875 0.2 0.0875
2 0.3625 0.09140625 0.06875 0.1828125
2 0.284375 0.65390625 0.203125 0.203125
2 0.409375 0.6953125 0.0578125 0.2375
2 0.46328125 0.7484375 0.0765625 0.19375
2 0.44375 0.6375 0.09375 0.0515625
2 0.35390625 0.4796875 0.109375 0.1421875
2 0.628125 0.63125 0.1625 0.3234375
2 0.58515625 0.8859375 0.15625 0.171875
2 0.7375 0.72265625 0.1296875 0.1234375
2 0.5015625 0.5375 0.04375 0.121875
2 0.5671875 0.57421875 0.0453125 0.1609375
2 0.17734375 0.5234375 0.190625 0.0953125