25 0.52890625 0.62578125 0.3125 0.20625
25 0.7515625 0.43671875 0.271875 0.2171875
25 0.5578125 0.4265625 0.15625 0.1234375
25 0.5671875 0.309375 0.1421875 0.1375
25 0.36875 0.32109375 0.2953125 0.2640625
25 0.3484375 0.5328125 0.215625 0.1765625
25 0.71796875 0.64375 0.225 0.1796875
25 0.4046875 0.75859375 0.2078125 0.1578125
25 0.25 0.68984375 0.184375 0.14375
25 0.2640625 0.8359375 0.2390625 0.16875
25 0.79453125 0.86015625 0.1609375 0.1296875
25 0.5296875 0.91640625 0.1171875 0.11875
25 0.43203125 0.87265625 0.1640625 0.1375
25 0.93828125 0.4875 0.115625 0.10625
25 0.81640625 0.27109375 0.1078125 0.11875
25 0.55859375 0.21640625 0.153125 0.103125
25 0.76875 0.121875 0.203125 0.171875
25 0.91484375 0.06015625 0.10625 0.0875