2 0.4859375 0.6921875 0.1578125 0.3953125
2 0.7796875 0.86640625 0.084375 0.16875
2 0.778125 0.671875 0.0875 0.159375
2 0.8953125 0.740625 0.209375 0.071875
2 0.63046875 0.7890625 0.1984375 0.1125
2 0.73984375 0.53359375 0.409375 0.1078125
2 0.68125 0.43359375 0.3796875 0.109375
2 0.7765625 0.37109375 0.215625 0.2875
2 0.51328125 0.2859375 0.1484375 0.321875
2 0.26328125 0.4296875 0.4109375 0.1140625
2 0.2640625 0.5015625 0.3765625 0.0953125
2 0.24140625 0.82109375 0.2015625 0.0984375
2 0.3703125 0.853125 0.0484375 0.1140625
2 0.2890625 0.70390625 0.203125 0.1046875
2 0.75703125 0.23359375 0.1203125 0.1859375
2 0.1640625 0.3078125 0.2 0.2640625
2 0.9484375 0.18671875 0.103125 0.1703125