2 0.42421875 0.53203125 0.3375 0.15625
2 0.3578125 0.29375 0.1875 0.3515625
2 0.21015625 0.38203125 0.1 0.24375
2 0.20546875 0.665625 0.0796875 0.2421875
2 0.19453125 0.86875 0.271875 0.2046875
2 0.06015625 0.70234375 0.1078125 0.315625
2 0.325 0.784375 0.1703125 0.3859375
2 0.58046875 0.6265625 0.303125 0.15
2 0.4921875 0.81640625 0.153125 0.0703125
2 0.55 0.94765625 0.175 0.1046875
2 0.6625 0.9046875 0.0765625 0.190625
2 0.7484375 0.28359375 0.2234375 0.221875
2 0.61015625 0.23046875 0.0671875 0.2625
2 0.6703125 0.4734375 0.1203125 0.1640625
2 0.54453125 0.17890625 0.0890625 0.2015625
2 0.23359375 0.20234375 0.1578125 0.146875
2 0.84609375 0.44609375 0.196875 0.10625
2 0.76640625 0.734375 0.215625 0.10625
2 0.12421875 0.5 0.14375 0.1453125