25 0.45 0.65234375 0.384375 0.2671875
25 0.5546875 0.42109375 0.2703125 0.1953125
25 0.259375 0.428125 0.271875 0.1734375
25 0.4328125 0.2484375 0.3421875 0.196875
25 0.709375 0.49375 0.275 0.225
25 0.396875 0.8453125 0.2390625 0.2140625
25 0.60546875 0.7375 0.234375 0.1890625
25 0.92734375 0.55 0.1453125 0.140625
25 0.9265625 0.2171875 0.125 0.1
25 0.1875 0.0734375 0.1734375 0.1234375
25 0.221875 0.1921875 0.1453125 0.115625
25 0.08203125 0.13515625 0.1375 0.1078125
25 0.92421875 0.79140625 0.1375 0.1359375