2 0.4875 0.69140625 0.153125 0.3953125
2 0.68046875 0.43359375 0.3875 0.115625
2 0.78046875 0.36796875 0.2140625 0.2890625
2 0.7640625 0.2328125 0.1203125 0.1890625
2 0.51484375 0.2890625 0.15 0.3234375
2 0.171875 0.30625 0.1921875 0.259375
2 0.26484375 0.42890625 0.409375 0.115625
2 0.26953125 0.50234375 0.3859375 0.0984375
2 0.7796875 0.671875 0.0890625 0.1578125
2 0.896875 0.74375 0.20625 0.0703125
2 0.83203125 0.8015625 0.1203125 0.08125
2 0.77890625 0.86484375 0.084375 0.171875
2 0.63046875 0.790625 0.184375 0.109375
2 0.2484375 0.8203125 0.215625 0.0984375
2 0.28984375 0.703125 0.20625 0.10625
2 0.953125 0.1890625 0.09375 0.159375
2 0.353125 0.89453125 0.1 0.1734375
2 0.75 0.5328125 0.390625 0.10625