2 0.4453125 0.4640625 0.11875 0.315625
2 0.6875 0.55 0.346875 0.10625
2 0.6546875 0.703125 0.3875 0.090625
2 0.47109375 0.8140625 0.1203125 0.2296875
2 0.26484375 0.74296875 0.2921875 0.096875
2 0.3921875 0.6296875 0.0953125 0.15625
2 0.2359375 0.5390625 0.2890625 0.128125
2 0.0984375 0.359375 0.1890625 0.075
2 0.3609375 0.253125 0.2078125 0.1453125
2 0.21875 0.4 0.0734375 0.128125
2 0.27578125 0.090625 0.2203125 0.18125
2 0.62890625 0.13359375 0.253125 0.0984375
2 0.18203125 0.69765625 0.090625 0.11875