2 0.54375 0.503125 0.253125 0.1171875
2 0.48046875 0.7109375 0.1453125 0.2921875
2 0.38828125 0.6296875 0.0640625 0.1921875
2 0.2890625 0.55625 0.171875 0.1234375
2 0.346875 0.8203125 0.1390625 0.1171875
2 0.33671875 0.91171875 0.0828125 0.1765625
2 0.4984375 0.93515625 0.1515625 0.1296875
2 0.253125 0.703125 0.0671875 0.1890625
2 0.38046875 0.42421875 0.0515625 0.18125
2 0.35234375 0.2828125 0.2265625 0.140625
2 0.44453125 0.33046875 0.0921875 0.278125
2 0.55234375 0.3125 0.115625 0.0484375
2 0.5625 0.11796875 0.09375 0.121875
2 0.59296875 0.2171875 0.1296875 0.075
2 0.6296875 0.43046875 0.2234375 0.09375
2 0.76796875 0.709375 0.178125 0.165625
2 0.67265625 0.75390625 0.0546875 0.2203125
2 0.71015625 0.56328125 0.0859375 0.128125
2 0.78828125 0.7953125 0.121875 0.146875
2 0.8140625 0.62421875 0.134375 0.0859375
2 0.3828125 0.11171875 0.1625 0.2046875
2 0.2203125 0.41796875 0.0953125 0.265625
2 0.1984375 0.1765625 0.171875 0.0875