4 0.48984375 0.28203125 0.2375 0.3625
4 0.246875 0.4375 0.4171875 0.1609375
4 0.478125 0.64453125 0.21875 0.365625
4 0.71328125 0.45234375 0.40625 0.1609375
4 0.73515625 0.2765625 0.23125 0.2046875
4 0.27265625 0.1703125 0.2203125 0.14375
4 0.26875 0.31796875 0.2359375 0.1265625
4 0.20546875 0.55625 0.23125 0.090625
4 0.76953125 0.7015625 0.1203125 0.190625
4 0.85234375 0.91015625 0.1546875 0.1796875
4 0.58359375 0.815625 0.2375 0.13125
4 0.65 0.678125 0.1453125 0.1765625
4 0.2109375 0.7390625 0.090625 0.134375
4 0.41484375 0.85078125 0.19375 0.1125
4 0.19921875 0.8125 0.19375 0.08125
4 0.1015625 0.86171875 0.1515625 0.1703125