19 0.08203125 0.77890625 0.1140625 0.09375
19 0.2421875 0.7734375 0.1296875 0.09375
19 0.175 0.6546875 0.1046875 0.0953125
19 0.20859375 0.55703125 0.1609375 0.1140625
19 0.24921875 0.45078125 0.0828125 0.06875
19 0.228125 0.39375 0.1484375 0.1125
19 0.46328125 0.40625 0.1359375 0.1078125
19 0.3734375 0.45546875 0.0984375 0.0859375
19 0.4828125 0.309375 0.1296875 0.1015625
19 0.70234375 0.31796875 0.109375 0.075
19 0.59296875 0.31484375 0.090625 0.0828125
19 0.590625 0.190625 0.1125 0.0859375
19 0.42421875 0.2515625 0.0984375 0.0734375
19 0.93984375 0.10234375 0.1140625 0.08125
19 0.88203125 0.26328125 0.0890625 0.059375
19 0.73671875 0.42578125 0.1328125 0.09375
19 0.63671875 0.5234375 0.1140625 0.1
19 0.540625 0.59375 0.1484375 0.1
19 0.7234375 0.6125 0.1015625 0.084375
19 0.37578125 0.64609375 0.1453125 0.103125
19 0.71171875 0.128125 0.084375 0.0640625