4 0.5296875 0.7171875 0.2796875 0.3921875
4 0.634375 0.48203125 0.2 0.14375
4 0.4015625 0.49296875 0.2375 0.1546875
4 0.56484375 0.23671875 0.278125 0.4078125
4 0.85078125 0.49921875 0.2984375 0.1859375
4 0.1890625 0.49375 0.3765625 0.1921875
4 0.20703125 0.69375 0.2703125 0.221875
4 0.73125 0.78828125 0.175 0.1171875
4 0.7265625 0.6421875 0.2125 0.128125
4 0.80703125 0.375 0.2015625 0.0890625
4 0.76328125 0.17578125 0.0953125 0.15
4 0.9296875 0.15546875 0.10625 0.1203125
4 0.2828125 0.23984375 0.165625 0.2
4 0.14453125 0.20234375 0.1390625 0.209375
4 0.35859375 0.07890625 0.2671875 0.1453125