2 0.93828125 0.30078125 0.1234375 0.0828125
2 0.9265625 0.16953125 0.146875 0.1953125
2 0.82890625 0.3984375 0.0546875 0.190625
2 0.9265625 0.53671875 0.0828125 0.1828125
2 0.91953125 0.64765625 0.1609375 0.1359375
2 0.74765625 0.78046875 0.1015625 0.0921875
2 0.67421875 0.8453125 0.0484375 0.1734375
2 0.62890625 0.55 0.215625 0.0890625
2 0.70234375 0.5890625 0.1625 0.0703125
2 0.48984375 0.41328125 0.06875 0.2796875
2 0.45390625 0.46484375 0.003125 0.0046875
2 0.5359375 0.38515625 0.059375 0.2984375
2 0.57578125 0.4140625 0.05 0.2125
2 0.56875 0.71953125 0.1125 0.2328125
2 0.53828125 0.76328125 0.115625 0.053125
2 0.46015625 0.70625 0.0640625 0.2296875
2 0.415625 0.55390625 0.109375 0.065625
2 0.54765625 0.58203125 0.1359375 0.06875