25 0.184375 0.296875 0.159375 0.2203125
25 0.2421875 0.08671875 0.1140625 0.1734375
25 0.3921875 0.51015625 0.2546875 0.35625
25 0.653125 0.54765625 0.1578125 0.2375
25 0.65859375 0.28125 0.2546875 0.3109375
25 0.79375 0.51484375 0.178125 0.2109375
25 0.20546875 0.6203125 0.1515625 0.19375
25 0.16953125 0.47890625 0.146875 0.1734375
25 0.0390625 0.759375 0.078125 0.1375
25 0.10859375 0.8078125 0.0984375 0.1265625
25 0.10546875 0.6609375 0.11875 0.19375
25 0.1875 0.8109375 0.14375 0.1765625
25 0.24296875 0.9203125 0.1328125 0.159375
25 0.4734375 0.81171875 0.1234375 0.1640625