21 0.68359375 0.36953125 0.2859375 0.0890625
21 0.58203125 0.4484375 0.140625 0.0828125
21 0.35234375 0.4828125 0.19375 0.121875
21 0.39609375 0.38828125 0.14375 0.059375
21 0.19921875 0.41171875 0.30625 0.0859375
21 0.2921875 0.27578125 0.2296875 0.1671875
21 0.57578125 0.21015625 0.1453125 0.18125
21 0.5390625 0.31328125 0.1125 0.10625
21 0.184375 0.14375 0.14375 0.0953125
21 0.06484375 0.14609375 0.0828125 0.090625
21 0.64609375 0.52578125 0.1609375 0.0671875
21 0.67109375 0.58515625 0.1359375 0.0984375
21 0.6828125 0.6609375 0.125 0.0671875
21 0.71953125 0.725 0.1375 0.0671875
21 0.525 0.65703125 0.1140625 0.090625
21 0.396875 0.68359375 0.15 0.065625
21 0.53828125 0.7828125 0.084375 0.09375
21 0.6171875 0.66015625 0.0625 0.053125