9 0.23671875 0.5984375 0.16875 0.1140625
9 0.3375 0.70703125 0.121875 0.1484375
9 0.45 0.76171875 0.1546875 0.1828125
9 0.5984375 0.778125 0.159375 0.15625
9 0.62890625 0.65390625 0.1765625 0.121875
9 0.5265625 0.59609375 0.159375 0.1421875
9 0.39453125 0.55546875 0.11875 0.14375
9 0.41875 0.4390625 0.1296875 0.065625
9 0.44921875 0.3875 0.1328125 0.0625
9 0.52421875 0.48515625 0.1 0.0875
9 0.5578125 0.44140625 0.1 0.06875
9 0.59453125 0.35390625 0.0875 0.0734375
9 0.3078125 0.1484375 0.21875 0.140625