2 0.621875 0.56484375 0.396875 0.175
2 0.39140625 0.39140625 0.10625 0.3203125
2 0.4171875 0.728125 0.096875 0.2828125
2 0.19921875 0.57421875 0.3671875 0.15
2 0.2890625 0.34140625 0.1515625 0.3453125
2 0.1625 0.21953125 0.1984375 0.23125
2 0.8484375 0.21328125 0.303125 0.184375
2 0.54140625 0.79921875 0.19375 0.353125
2 0.84296875 0.8171875 0.11875 0.115625
2 0.57265625 0.4078125 0.225 0.1609375
2 0.49296875 0.2171875 0.1328125 0.09375
2 0.1671875 0.7734375 0.1625 0.2859375
2 0.9359375 0.47578125 0.125 0.3671875
2 0.50390625 0.92578125 0.2703125 0.1484375