2 0.56640625 0.1953125 0.15625 0.3734375
2 0.37578125 0.38515625 0.3203125 0.1046875
2 0.3234375 0.2765625 0.35 0.15625
2 0.209375 0.15078125 0.2296875 0.2109375
2 0.72109375 0.41171875 0.290625 0.09375
2 0.79140625 0.53984375 0.3453125 0.1921875
2 0.55625 0.62265625 0.1734375 0.3765625
2 0.396875 0.5625 0.1734375 0.2296875
2 0.19765625 0.8453125 0.1890625 0.309375
2 0.4609375 0.9296875 0.36875 0.128125
2 0.8015625 0.83671875 0.1171875 0.115625
2 0.65625 0.81015625 0.1453125 0.075
2 0.85 0.6625 0.2140625 0.084375
2 0.66953125 0.93984375 0.2265625 0.0859375
2 0.7703125 0.16953125 0.2890625 0.1765625