19 0.453125 0.4171875 0.08125 0.1109375
19 0.371875 0.41953125 0.0734375 0.109375
19 0.4125 0.51796875 0.0796875 0.0953125
19 0.403125 0.61484375 0.0625 0.08125
19 0.9453125 0.6734375 0.109375 0.1296875
19 0.9046875 0.5875 0.0671875 0.078125
19 0.82109375 0.68828125 0.0890625 0.109375
19 0.740625 0.6671875 0.1046875 0.13125
19 0.8296875 0.3609375 0.1046875 0.121875
19 0.7078125 0.384375 0.0734375 0.09375
19 0.640625 0.44765625 0.0984375 0.125
19 0.6890625 0.61171875 0.0703125 0.0890625
19 0.603125 0.6046875 0.0921875 0.0984375
19 0.58984375 0.51796875 0.0484375 0.071875
19 0.525 0.503125 0.0953125 0.1125
19 0.61015625 0.75546875 0.09375 0.103125
19 0.71875 0.86328125 0.1140625 0.11875
19 0.59609375 0.8515625 0.090625 0.103125
19 0.70546875 0.1390625 0.08125 0.11875
19 0.77421875 0.14140625 0.0671875 0.096875
19 0.68671875 0.24375 0.0828125 0.1140625
19 0.609375 0.16328125 0.1 0.1421875
19 0.5453125 0.07265625 0.075 0.109375
19 0.490625 0.20703125 0.075 0.1109375
19 0.42734375 0.29921875 0.0921875 0.1296875
19 0.33515625 0.31484375 0.075 0.096875
19 0.2859375 0.1953125 0.065625 0.0953125
19 0.2625 0.0359375 0.06875 0.071875
19 0.2328125 0.2609375 0.0515625 0.0859375
19 0.75390625 0.4859375 0.0828125 0.1078125
19 0.54296875 0.94921875 0.0609375 0.0953125
19 0.4703125 0.88515625 0.0640625 0.0890625