25 0.3984375 0.94296875 0.1671875 0.1140625
25 0.16953125 0.93671875 0.1765625 0.1265625
25 0.57734375 0.86171875 0.23125 0.1875
25 0.49765625 0.75390625 0.109375 0.078125
25 0.59765625 0.74140625 0.1125 0.0890625
25 0.51484375 0.640625 0.2140625 0.1609375
25 0.2921875 0.6828125 0.2109375 0.1796875
25 0.090625 0.65390625 0.18125 0.146875
25 0.19765625 0.54921875 0.159375 0.14375
25 0.515625 0.42265625 0.3125 0.2640625
25 0.7453125 0.590625 0.265625 0.1203125
25 0.840625 0.734375 0.1375 0.1328125
25 0.09296875 0.78515625 0.15 0.096875
25 0.36953125 0.5765625 0.19375 0.1453125
25 0.31875 0.31484375 0.1609375 0.1421875
25 0.23046875 0.359375 0.125 0.1140625
25 0.13671875 0.23359375 0.140625 0.1265625
25 0.13359375 0.1 0.128125 0.1125
25 0.41171875 0.11328125 0.2703125 0.2046875
25 0.8515625 0.0859375 0.2484375 0.171875
25 0.090625 0.52890625 0.18125 0.1453125
25 0.0625 0.2453125 0.125 0.13125
25 0.94609375 0.8984375 0.1078125 0.1390625