2 0.48515625 0.5140625 0.2109375 0.4734375
2 0.24609375 0.340625 0.1046875 0.1296875
2 0.2234375 0.4140625 0.1 0.034375
2 0.10859375 0.44140625 0.090625 0.1484375
2 0.06796875 0.53046875 0.11875 0.0328125
2 0.1296875 0.58515625 0.059375 0.1109375
2 0.1625 0.65625 0.075 0.1515625
2 0.24453125 0.48203125 0.13125 0.1015625
2 0.55703125 0.14375 0.2296875 0.2453125
2 0.8125 0.1703125 0.21875 0.221875
2 0.6171875 0.33984375 0.1359375 0.0734375
2 0.7546875 0.25 0.115625 0.109375
2 0.84921875 0.546875 0.128125 0.253125
2 0.73984375 0.66796875 0.1703125 0.0953125
2 0.603125 0.78515625 0.1796875 0.059375
2 0.634375 0.5078125 0.134375 0.0875
2 0.1890625 0.7828125 0.134375 0.05625
2 0.090625 0.71328125 0.0484375 0.0984375