25 0.5703125 0.12265625 0.234375 0.1828125
25 0.49375 0.234375 0.109375 0.0796875
25 0.590625 0.24609375 0.115625 0.084375
25 0.509375 0.346875 0.2125 0.1578125
25 0.2828125 0.30546875 0.2140625 0.1828125
25 0.0859375 0.33203125 0.171875 0.15
25 0.1875 0.43984375 0.1609375 0.1421875
25 0.36328125 0.428125 0.19375 0.1203125
25 0.50859375 0.57109375 0.3109375 0.2625
25 0.31171875 0.67890625 0.1671875 0.140625
25 0.12734375 0.7625 0.1421875 0.1265625
25 0.22265625 0.6375 0.1234375 0.115625
25 0.05546875 0.75234375 0.1109375 0.128125
25 0.1265625 0.88828125 0.13125 0.1328125
25 0.090625 0.83203125 0.0703125 0.0453125
25 0.403125 0.8828125 0.278125 0.2125
25 0.1578125 0.05625 0.178125 0.1125
25 0.38984375 0.05078125 0.16875 0.1015625
25 0.20234375 0.24921875 0.1921875 0.15
25 0.7390625 0.40078125 0.259375 0.1140625
25 0.85 0.9109375 0.25 0.1765625
25 0.94609375 0.09296875 0.10625 0.1390625
25 0.8328125 0.25703125 0.14375 0.13125
25 0.084375 0.46171875 0.16875 0.1453125