2 0.634375 0.43359375 0.384375 0.1734375
2 0.55 0.20546875 0.1921875 0.371875
2 0.4015625 0.6078125 0.0984375 0.3265625
2 0.42421875 0.27578125 0.0953125 0.2984375
2 0.29453125 0.66875 0.1609375 0.3484375
2 0.209375 0.421875 0.3609375 0.15
2 0.5703125 0.59375 0.24375 0.1671875
2 0.84921875 0.79140625 0.3015625 0.1890625
2 0.93984375 0.51953125 0.1203125 0.38125
2 0.859375 0.17109375 0.1015625 0.10625
2 0.6734375 0.14140625 0.084375 0.20625
2 0.16796875 0.78203125 0.209375 0.2265625
2 0.17265625 0.2296875 0.16875 0.2984375
2 0.48359375 0.7859375 0.109375 0.09375
2 0.54453125 0.9046875 0.0984375 0.128125
2 0.9546875 0.3125 0.0828125 0.21875
2 0.821875 0.32734375 0.075 0.153125