25 0.453125 0.7265625 0.3046875 0.2171875
25 0.31953125 0.47265625 0.284375 0.190625
25 0.4875 0.334375 0.28125 0.1703125
25 0.64140625 0.509375 0.2796875 0.184375
25 0.2265625 0.76015625 0.1640625 0.1171875
25 0.15546875 0.9234375 0.146875 0.0953125
25 0.11953125 0.70859375 0.1578125 0.096875
25 0.09375 0.59140625 0.121875 0.0796875
25 0.13046875 0.43046875 0.090625 0.0609375
25 0.134375 0.359375 0.0921875 0.0703125
25 0.128125 0.2359375 0.15 0.1125
25 0.35 0.11328125 0.1828125 0.1484375
25 0.096875 0.11171875 0.1859375 0.1328125
25 0.6640625 0.3046875 0.1421875 0.15625
25 0.721875 0.35390625 0.0796875 0.0515625
25 0.75078125 0.4140625 0.15 0.121875
25 0.90390625 0.3265625 0.1390625 0.10625
25 0.83671875 0.4765625 0.1515625 0.1484375