2 0.45703125 0.3671875 0.184375 0.39375
2 0.621875 0.6015625 0.3203125 0.103125
2 0.4375 0.790625 0.1515625 0.35625
2 0.671875 0.70859375 0.3375 0.15625
2 0.28125 0.5734375 0.275 0.0953125
2 0.2078125 0.4453125 0.35 0.1953125
2 0.78515625 0.83203125 0.221875 0.190625
2 0.221875 0.82109375 0.2828125 0.171875
2 0.8171875 0.14453125 0.2046875 0.2890625
2 0.56484375 0.05859375 0.3984375 0.1171875
2 0.33671875 0.03828125 0.221875 0.0765625
2 0.19609375 0.140625 0.11875 0.1171875
2 0.35546875 0.16953125 0.1515625 0.0671875
2 0.190625 0.221875 0.1578125 0.053125
2 0.15546875 0.31875 0.19375 0.084375
2 0.61484375 0.425 0.16875 0.2234375
2 0.79765625 0.5171875 0.0984375 0.1140625