25 0.71875 0.46015625 0.2015625 0.303125
25 0.4390625 0.49140625 0.25625 0.3609375
25 0.68203125 0.67578125 0.1765625 0.2359375
25 0.92421875 0.66328125 0.1515625 0.31875
25 0.8984375 0.4921875 0.109375 0.13125
25 0.51640625 0.1296875 0.184375 0.259375
25 0.42578125 0.06953125 0.0921875 0.1390625
25 0.59140625 0.92734375 0.1328125 0.1453125
25 0.40703125 0.92734375 0.1328125 0.1453125
25 0.3859375 0.79765625 0.1125 0.140625
25 0.2625 0.78203125 0.1421875 0.18125
25 0.25625 0.56328125 0.109375 0.15625