25 0.71171875 0.9078125 0.2828125 0.178125
25 0.54453125 0.72890625 0.23125 0.1375
25 0.784375 0.65078125 0.29375 0.2296875
25 0.8953125 0.55625 0.1203125 0.11875
25 0.94140625 0.490625 0.1171875 0.11875
25 0.48828125 0.5578125 0.3125 0.2171875
25 0.68984375 0.3390625 0.3421875 0.278125
25 0.903125 0.39375 0.1296875 0.1109375
25 0.23671875 0.25625 0.453125 0.35625
25 0.54921875 0.11875 0.4375 0.2375
25 0.19140625 0.92109375 0.1140625 0.0671875
25 0.2640625 0.975 0.0875 0.05
25 0.07890625 0.88203125 0.0921875 0.053125
25 0.13828125 0.83203125 0.084375 0.0703125
25 0.2515625 0.809375 0.128125 0.0921875
25 0.16015625 0.75703125 0.1015625 0.0609375
25 0.0671875 0.7921875 0.13125 0.090625
25 0.08125 0.671875 0.1203125 0.084375