19 0.08671875 0.22734375 0.115625 0.0921875
19 0.24453125 0.23359375 0.1234375 0.0921875
19 0.178125 0.35390625 0.1046875 0.096875
19 0.38046875 0.36328125 0.1421875 0.103125
19 0.21171875 0.4515625 0.1625 0.1140625
19 0.54375 0.41640625 0.1484375 0.1015625
19 0.63984375 0.48828125 0.1140625 0.096875
19 0.725 0.3984375 0.1046875 0.0828125
19 0.73984375 0.58515625 0.134375 0.090625
19 0.70234375 0.69140625 0.1046875 0.0765625
19 0.484375 0.7015625 0.134375 0.103125
19 0.46484375 0.60390625 0.1359375 0.10625
19 0.3765625 0.55390625 0.0984375 0.0859375
19 0.2515625 0.5578125 0.0828125 0.0703125
19 0.23046875 0.6140625 0.1484375 0.1125
19 0.5890625 0.81953125 0.115625 0.0859375
19 0.93984375 0.9109375 0.115625 0.08125
19 0.88125 0.74765625 0.0875 0.059375
19 0.59453125 0.696875 0.0890625 0.08125
19 0.2171875 0.8390625 0.0859375 0.065625