17 0.93671875 0.4125 0.1265625 0.1875
17 0.9640625 0.115625 0.071875 0.228125
17 0.71796875 0.3296875 0.2578125 0.153125
17 0.71875 0.1671875 0.19375 0.1171875
17 0.5953125 0.63984375 0.2359375 0.2109375
17 0.5234375 0.23203125 0.1890625 0.4640625
17 0.46171875 0.81796875 0.090625 0.265625
17 0.38515625 0.68984375 0.134375 0.196875
17 0.37265625 0.44609375 0.2234375 0.2390625
17 0.284375 0.24453125 0.159375 0.2390625
17 0.30078125 0.91015625 0.1625 0.1796875
17 0.1015625 0.840625 0.078125 0.2765625
17 0.21328125 0.4953125 0.1578125 0.34375