25 0.34609375 0.54140625 0.2703125 0.38125
25 0.575 0.4375 0.190625 0.2640625
25 0.56796875 0.7234375 0.175 0.2703125
25 0.74453125 0.55625 0.1953125 0.3375
25 0.4984375 0.28203125 0.2234375 0.2765625
25 0.259375 0.390625 0.1875 0.2359375
25 0.14921875 0.59765625 0.2109375 0.2390625
25 0.8609375 0.9078125 0.10625 0.140625
25 0.80546875 0.7703125 0.1140625 0.14375
25 0.9203125 0.8015625 0.125 0.171875
25 0.778125 0.06796875 0.1 0.1203125
25 0.9109375 0.31484375 0.0796875 0.096875
25 0.2015625 0.075 0.1390625 0.1484375