25 0.48046875 0.596875 0.3125 0.2640625
25 0.803125 0.475 0.15625 0.14375
25 0.909375 0.36796875 0.18125 0.1484375
25 0.7078125 0.3375 0.215625 0.1828125
25 0.48125 0.37734375 0.2171875 0.159375
25 0.39453125 0.27734375 0.1140625 0.0875
25 0.49453125 0.26484375 0.1140625 0.08125
25 0.4171875 0.15390625 0.2359375 0.1875
25 0.8328125 0.071875 0.1828125 0.1390625
25 0.5984375 0.06484375 0.16875 0.1296875
25 0.70625 0.17578125 0.125 0.1125
25 0.78671875 0.2765625 0.1921875 0.1484375
25 0.91015625 0.2296875 0.1515625 0.1046875
25 0.1546875 0.2765625 0.1453125 0.134375
25 0.04921875 0.109375 0.0984375 0.1375
25 0.146875 0.92109375 0.2546875 0.1578125
25 0.58671875 0.90546875 0.2765625 0.1890625
25 0.86796875 0.91796875 0.1390625 0.115625
25 0.8640625 0.78359375 0.1421875 0.125
25 0.94140625 0.77109375 0.1171875 0.1296875
25 0.67734375 0.7 0.165625 0.1390625
25 0.76796875 0.65390625 0.1234375 0.1125
25 0.24921875 0.428125 0.2640625 0.1140625