19 0.47734375 0.44453125 0.1171875 0.159375
19 0.3984375 0.84453125 0.1265625 0.153125
19 0.3734375 0.6828125 0.109375 0.1546875
19 0.35390625 0.2734375 0.1140625 0.1375
19 0.5421875 0.240625 0.075 0.1
19 0.50390625 0.85078125 0.0890625 0.165625
19 0.61796875 0.8796875 0.084375 0.11875
19 0.6328125 0.78359375 0.059375 0.08125
19 0.68359375 0.14296875 0.08125 0.1359375
19 0.43515625 0.23125 0.0484375 0.1296875
19 0.61328125 0.2703125 0.0703125 0.1078125
19 0.796875 0.53125 0.053125 0.071875
19 0.7578125 0.628125 0.0703125 0.1
19 0.80390625 0.68984375 0.0609375 0.0859375
19 0.69296875 0.70859375 0.0671875 0.1
19 0.09375 0.33828125 0.103125 0.1328125
19 0.0953125 0.475 0.084375 0.0953125