25 0.5234375 0.74296875 0.3125 0.221875
25 0.32109375 0.52734375 0.2953125 0.1921875
25 0.65546875 0.48515625 0.29375 0.1984375
25 0.4796875 0.34609375 0.2984375 0.20625
25 0.2046875 0.41640625 0.1546875 0.1265625
25 0.2921875 0.30078125 0.146875 0.1671875
25 0.8484375 0.21953125 0.15625 0.115625
25 0.684375 0.3421875 0.1296875 0.096875
25 0.6171875 0.08984375 0.1875 0.1578125
25 0.88046875 0.0875 0.19375 0.1375
25 0.85 0.4203125 0.09375 0.0625
25 0.8453125 0.346875 0.090625 0.075
25 0.88828125 0.5828125 0.1265625 0.0828125
25 0.05859375 0.3234375 0.1171875 0.1125