25 0.7890625 0.71953125 0.16875 0.2296875
25 0.7375 0.88046875 0.1046875 0.134375
25 0.76953125 0.5671875 0.0796875 0.10625
25 0.859375 0.57890625 0.075 0.090625
25 0.82421875 0.4125 0.1203125 0.1484375
25 0.87734375 0.47421875 0.084375 0.109375
25 0.90859375 0.85078125 0.125 0.1671875
25 0.53125 0.48515625 0.2046875 0.278125
25 0.32421875 0.690625 0.159375 0.2078125
25 0.23984375 0.5484375 0.1046875 0.13125
25 0.30703125 0.39453125 0.1515625 0.225
25 0.4640625 0.15234375 0.1984375 0.284375
25 0.54921875 0.08515625 0.0875 0.125
25 0.6484375 0.22734375 0.1984375 0.275
25 0.8515625 0.0796875 0.1984375 0.159375
25 0.909375 0.68046875 0.1015625 0.1546875
25 0.97421875 0.7328125 0.0515625 0.1046875
25 0.6390625 0.925 0.184375 0.15