19 0.43359375 0.41015625 0.1421875 0.196875
19 0.38203125 0.6015625 0.109375 0.1359375
19 0.5 0.70703125 0.0859375 0.1125
19 0.5265625 0.7984375 0.078125 0.1203125
19 0.0625 0.2515625 0.1140625 0.1359375
19 0.140625 0.12734375 0.1171875 0.15625
19 0.1484375 0.2890625 0.0890625 0.15625
19 0.24296875 0.26640625 0.0546875 0.0703125
19 0.234375 0.42109375 0.05625 0.071875
19 0.52421875 0.60625 0.06875 0.0921875
19 0.66015625 0.6515625 0.1 0.1390625
19 0.64453125 0.8453125 0.0734375 0.1140625
19 0.59375 0.36875 0.065625 0.084375
19 0.57109375 0.21875 0.0515625 0.0875
19 0.65 0.44765625 0.0625 0.06875
19 0.63984375 0.5234375 0.0546875 0.0765625
19 0.6859375 0.3953125 0.0640625 0.08125
19 0.66015625 0.29296875 0.075 0.11875
19 0.7625 0.37265625 0.05 0.065625
19 0.79453125 0.49140625 0.090625 0.1234375
19 0.75390625 0.29296875 0.05 0.078125
19 0.80859375 0.2859375 0.0546875 0.075
19 0.8859375 0.45546875 0.053125 0.078125