2 0.54765625 0.51875 0.2390625 0.5671875
2 0.5859375 0.88828125 0.1765625 0.2234375
2 0.37578125 0.78671875 0.2734375 0.1125
2 0.26953125 0.69609375 0.1140625 0.190625
2 0.84375 0.48671875 0.084375 0.153125
2 0.35625 0.33984375 0.08125 0.1234375
2 0.29921875 0.5 0.0828125 0.1109375
2 0.16171875 0.51171875 0.1421875 0.125
2 0.78984375 0.6390625 0.1171875 0.1140625
2 0.75 0.54453125 0.175 0.065625
2 0.32109375 0.196875 0.1171875 0.1125
2 0.1921875 0.47734375 0.1421875 0.08125
2 0.9234375 0.40625 0.1125 0.06875