19 0.11171875 0.63046875 0.221875 0.1625
19 0.16640625 0.50234375 0.1140625 0.0859375
19 0.34375 0.49375 0.14375 0.121875
19 0.4796875 0.53359375 0.1984375 0.1484375
19 0.08046875 0.3984375 0.1609375 0.15
19 0.32109375 0.2578125 0.1765625 0.1234375
19 0.46015625 0.39375 0.1875 0.1203125
19 0.68515625 0.4125 0.1453125 0.121875
19 0.76328125 0.33359375 0.128125 0.0828125
19 0.83828125 0.53125 0.1796875 0.1359375
19 0.83359375 0.6765625 0.1578125 0.1265625
19 0.6875 0.6734375 0.1484375 0.121875
19 0.528125 0.68046875 0.215625 0.1703125
19 0.68125 0.81015625 0.23125 0.1515625
19 0.690625 0.934375 0.190625 0.13125
19 0.40625 0.86796875 0.1625 0.140625