2 0.5 0.48359375 0.125 0.315625
2 0.27421875 0.5671875 0.359375 0.1046875
2 0.28046875 0.73203125 0.396875 0.090625
2 0.6828125 0.7640625 0.30625 0.1
2 0.47734375 0.84140625 0.1109375 0.215625
2 0.7140625 0.55390625 0.31875 0.128125
2 0.759375 0.5859375 0.071875 0.121875
2 0.78828125 0.7140625 0.0875 0.128125
2 0.5671875 0.365625 0.1046875 0.2640625
2 0.8765625 0.371875 0.190625 0.071875
2 0.7546875 0.41015625 0.075 0.13125
2 0.60859375 0.26484375 0.2015625 0.1421875
2 0.82109375 0.27890625 0.1328125 0.11875
2 0.6875 0.0984375 0.2296875 0.196875
2 0.35546875 0.1375 0.2515625 0.0953125
2 0.12890625 0.15 0.134375 0.146875
2 0.5140625 0.26640625 0.0609375 0.1296875