2 0.57578125 0.53203125 0.3375 0.15625
2 0.6421875 0.29375 0.1875 0.3515625
2 0.78984375 0.38203125 0.1 0.24375
2 0.79453125 0.665625 0.0796875 0.2421875
2 0.80546875 0.86875 0.271875 0.2046875
2 0.93984375 0.70234375 0.1078125 0.315625
2 0.675 0.784375 0.1703125 0.3859375
2 0.41953125 0.6265625 0.303125 0.15
2 0.5078125 0.81640625 0.153125 0.0703125
2 0.45 0.94765625 0.175 0.1046875
2 0.3375 0.9046875 0.0765625 0.190625
2 0.2515625 0.28359375 0.2234375 0.221875
2 0.38984375 0.23046875 0.0671875 0.2625
2 0.3296875 0.4734375 0.1203125 0.1640625
2 0.45546875 0.17890625 0.0890625 0.2015625
2 0.76640625 0.20234375 0.1578125 0.146875
2 0.15390625 0.44609375 0.196875 0.10625
2 0.23359375 0.734375 0.215625 0.10625
2 0.87578125 0.5 0.14375 0.1453125