4 0.4890625 0.27265625 0.2328125 0.3578125
4 0.25078125 0.42890625 0.434375 0.1625
4 0.209375 0.54765625 0.2375 0.0921875
4 0.2671875 0.31015625 0.234375 0.1234375
4 0.2734375 0.1609375 0.2265625 0.1359375
4 0.73359375 0.26796875 0.2359375 0.2109375
4 0.71796875 0.4453125 0.4015625 0.165625
4 0.47578125 0.64375 0.21875 0.35
4 0.58984375 0.8078125 0.23125 0.1265625
4 0.77265625 0.69453125 0.121875 0.1921875
4 0.64921875 0.67109375 0.1359375 0.1796875
4 0.896875 0.77890625 0.20625 0.1046875
4 0.85390625 0.90859375 0.15625 0.18125
4 0.2109375 0.73203125 0.090625 0.1328125
4 0.10703125 0.84375 0.14375 0.1859375