2 0.37265625 0.30703125 0.271875 0.3953125
2 0.2546875 0.4078125 0.3046875 0.215625
2 0.315625 0.7046875 0.3234375 0.3625
2 0.6453125 0.31640625 0.2671875 0.3765625
2 0.62890625 0.74140625 0.2421875 0.4078125
2 0.15546875 0.18046875 0.209375 0.203125
2 0.159375 0.50234375 0.175 0.2953125
2 0.11171875 0.72578125 0.203125 0.21875
2 0.58203125 0.07890625 0.1671875 0.1484375
2 0.50859375 0.1734375 0.2 0.10625
2 0.42421875 0.940625 0.240625 0.1171875
2 0.403125 0.83515625 0.2703125 0.146875
2 0.6578125 0.55546875 0.0984375 0.14375