2 0.484375 0.51484375 0.11875 0.315625
2 0.7203125 0.4328125 0.3453125 0.10625
2 0.70078125 0.26953125 0.3953125 0.0890625
2 0.30234375 0.23046875 0.2875 0.1
2 0.509375 0.1609375 0.1203125 0.215625
2 0.27265625 0.44296875 0.3109375 0.1234375
2 0.378125 0.7328125 0.20625 0.140625
2 0.41953125 0.6359375 0.1 0.25
2 0.11484375 0.628125 0.1953125 0.0703125
2 0.23671875 0.5875 0.0703125 0.121875
2 0.1671875 0.71953125 0.13125 0.1171875
2 0.2828125 0.90234375 0.221875 0.1953125
2 0.6265625 0.8671875 0.2578125 0.096875
2 0.85234375 0.853125 0.13125 0.14375
2 0.20546875 0.28515625 0.0828125 0.1265625
2 0.42421875 0.97109375 0.275 0.0578125
2 0.228125 0.415625 0.0640625 0.1234375