25 0.40546875 0.290625 0.3546875 0.2734375
25 0.51875 0.54140625 0.3296875 0.25
25 0.58515625 0.77265625 0.3171875 0.2484375
25 0.76484375 0.878125 0.253125 0.23125
25 0.1296875 0.6515625 0.259375 0.1921875
25 0.58359375 0.91953125 0.11875 0.1
25 0.465625 0.92421875 0.11875 0.0921875
25 0.13203125 0.44765625 0.2640625 0.2890625
25 0.1734375 0.109375 0.2953125 0.171875
25 0.81796875 0.0921875 0.2046875 0.0875
25 0.65859375 0.1015625 0.128125 0.0921875
25 0.89140625 0.29140625 0.2171875 0.215625
25 0.6546875 0.3125 0.2 0.2140625