2 0.4484375 0.6484375 0.196875 0.2375
2 0.41640625 0.3703125 0.1390625 0.0953125
2 0.43125 0.5390625 0.1171875 0.215625
2 0.55625 0.41484375 0.1359375 0.0984375
2 0.7296875 0.47890625 0.309375 0.15
2 0.66640625 0.746875 0.21875 0.3921875
2 0.57265625 0.85234375 0.3765625 0.1625
2 0.25703125 0.77421875 0.165625 0.3296875
2 0.165625 0.62890625 0.3296875 0.196875
2 0.421875 0.17421875 0.4203125 0.203125
2 0.7 0.1203125 0.1953125 0.240625
2 0.42890625 0.95078125 0.1953125 0.0984375
2 0.20703125 0.334375 0.1125 0.0921875