2 0.575 0.49375 0.2265625 0.0875
2 0.421875 0.63359375 0.059375 0.2453125
2 0.32734375 0.50625 0.159375 0.08125
2 0.3921875 0.36796875 0.0625 0.196875
2 0.46796875 0.47109375 0.11875 0.06875
2 0.51875 0.2453125 0.1125 0.090625
2 0.51875 0.3375 0.09375 0.2171875
2 0.49609375 0.30859375 0.096875 0.0484375
2 0.4015625 0.290625 0.0875 0.0640625
2 0.50703125 0.6609375 0.0734375 0.2625
2 0.72578125 0.4234375 0.10625 0.16875
2 0.71953125 0.259375 0.09375 0.1015625
2 0.65078125 0.2203125 0.0546875 0.153125
2 0.61953125 0.31015625 0.0984375 0.053125
2 0.86328125 0.365625 0.171875 0.15625
2 0.878125 0.1484375 0.1484375 0.1375
2 0.93359375 0.71328125 0.1328125 0.090625
2 0.92734375 0.8578125 0.1453125 0.1796875
2 0.8140625 0.625 0.071875 0.1921875