25 0.296875 0.815625 0.2203125 0.159375
25 0.08671875 0.7578125 0.1734375 0.1140625
25 0.51015625 0.6078125 0.35625 0.2546875
25 0.54765625 0.346875 0.2375 0.1578125
25 0.28125 0.34140625 0.3109375 0.2546875
25 0.51484375 0.20625 0.2109375 0.178125
25 0.6203125 0.79453125 0.19375 0.1515625
25 0.47890625 0.83046875 0.1734375 0.146875
25 0.759375 0.9609375 0.1375 0.078125
25 0.8078125 0.89140625 0.1265625 0.0984375
25 0.6609375 0.89453125 0.19375 0.11875
25 0.8109375 0.8125 0.1765625 0.14375
25 0.9203125 0.75703125 0.159375 0.1328125
25 0.81171875 0.5265625 0.1640625 0.1234375