2 0.5015625 0.69453125 0.153125 0.403125
2 0.703125 0.4359375 0.3921875 0.109375
2 0.5328125 0.29140625 0.159375 0.334375
2 0.75078125 0.540625 0.415625 0.109375
2 0.278125 0.42734375 0.40625 0.11875
2 0.78046875 0.2359375 0.1171875 0.1859375
2 0.18203125 0.31015625 0.19375 0.2546875
2 0.790625 0.87578125 0.0859375 0.175
2 0.78984375 0.68046875 0.090625 0.159375
2 0.9046875 0.75390625 0.190625 0.0734375
2 0.63984375 0.79609375 0.1921875 0.1171875
2 0.25390625 0.82734375 0.2203125 0.1015625
2 0.35703125 0.9 0.090625 0.184375