25 0.51171875 0.0703125 0.2359375 0.140625
25 0.4765625 0.25 0.2390625 0.1921875
25 0.525 0.38671875 0.2140625 0.1625
25 0.3734375 0.425 0.1875 0.1421875
25 0.45546875 0.5078125 0.18125 0.1265625
25 0.56796875 0.528125 0.1453125 0.1140625
25 0.30390625 0.53671875 0.2203125 0.1640625
25 0.278125 0.85703125 0.25625 0.178125
25 0.53046875 0.92421875 0.3046875 0.1515625
25 0.70859375 0.72109375 0.259375 0.178125
25 0.89765625 0.65859375 0.2046875 0.1828125
25 0.9171875 0.4484375 0.165625 0.1953125
25 0.95234375 0.22734375 0.0953125 0.0765625
25 0.8546875 0.228125 0.0953125 0.0859375
25 0.91796875 0.284375 0.0828125 0.065625