25 0.515625 0.7265625 0.31875 0.2265625
25 0.30078125 0.50625 0.303125 0.2
25 0.64453125 0.4609375 0.3015625 0.20625
25 0.46640625 0.3125 0.3015625 0.190625
25 0.853125 0.19453125 0.15625 0.1203125
25 0.61015625 0.0734375 0.1953125 0.146875
25 0.8828125 0.06484375 0.196875 0.1296875
25 0.8546875 0.40078125 0.0953125 0.0671875
25 0.84921875 0.32578125 0.096875 0.0765625
25 0.278125 0.27734375 0.1515625 0.165625
25 0.19609375 0.40078125 0.159375 0.13125
25 0.7671875 0.73671875 0.1609375 0.1171875
25 0.83671875 0.9046875 0.1484375 0.0953125
25 0.89296875 0.56484375 0.121875 0.0828125