19 0.56953125 0.9078125 0.078125 0.06875
19 0.66875 0.82578125 0.1125 0.0875
19 0.646875 0.74140625 0.134375 0.1046875
19 0.59375 0.6875 0.0921875 0.0703125
19 0.465625 0.753125 0.1125 0.0859375
19 0.34140625 0.83046875 0.125 0.1046875
19 0.11875 0.771875 0.0984375 0.071875
19 0.115625 0.70546875 0.11875 0.08125
19 0.22109375 0.6859375 0.11875 0.084375
19 0.1328125 0.6078125 0.146875 0.103125
19 0.0515625 0.54140625 0.103125 0.075
19 0.36640625 0.70703125 0.09375 0.075
19 0.42578125 0.6390625 0.128125 0.1015625
19 0.49765625 0.5890625 0.071875 0.05
19 0.58515625 0.6015625 0.0984375 0.09375
19 0.73984375 0.609375 0.10625 0.0953125
19 0.48125 0.52109375 0.115625 0.0953125
19 0.39609375 0.44921875 0.115625 0.084375
19 0.5015625 0.40859375 0.0953125 0.08125
19 0.6 0.39921875 0.08125 0.0625
19 0.39765625 0.3671875 0.1125 0.078125
19 0.875 0.46796875 0.090625 0.0640625
19 0.9375 0.540625 0.096875 0.0625
19 0.8609375 0.6546875 0.1109375 0.0671875
19 0.2765625 0.42109375 0.128125 0.0921875
19 0.18046875 0.4875 0.0890625 0.0765625
19 0.2953125 0.3296875 0.0984375 0.0765625
19 0.17578125 0.2796875 0.0953125 0.065625