25 0.51328125 0.6109375 0.3578125 0.2515625
25 0.55390625 0.346875 0.240625 0.159375
25 0.52109375 0.20546875 0.2203125 0.1796875
25 0.2875 0.34453125 0.31875 0.2546875
25 0.30078125 0.81953125 0.221875 0.15625
25 0.08828125 0.759375 0.1703125 0.1203125
25 0.6296875 0.7953125 0.196875 0.1515625
25 0.4859375 0.83046875 0.175 0.1484375
25 0.8171875 0.88828125 0.1328125 0.0875
25 0.66796875 0.89609375 0.19375 0.1234375
25 0.92421875 0.75703125 0.1515625 0.1328125
25 0.81796875 0.80078125 0.1796875 0.125
25 0.81484375 0.525 0.1625 0.125
25 0.91171875 0.4453125 0.1359375 0.0921875