2 0.56953125 0.39140625 0.24375 0.1640625
2 0.6296875 0.55546875 0.38125 0.171875
2 0.55234375 0.79296875 0.1828125 0.3515625
2 0.4234375 0.72265625 0.090625 0.278125
2 0.4 0.38203125 0.10625 0.3234375
2 0.20625 0.565625 0.3609375 0.1453125
2 0.28515625 0.31640625 0.1546875 0.3265625
2 0.85234375 0.20234375 0.2953125 0.1921875
2 0.93671875 0.46328125 0.1234375 0.3828125
2 0.853125 0.8140625 0.109375 0.1171875
2 0.81875 0.65625 0.0765625 0.1421875
2 0.95234375 0.68046875 0.078125 0.2125
2 0.67109375 0.853125 0.0890625 0.209375