2 0.5328125 0.48359375 0.2171875 0.465625
2 0.765625 0.6609375 0.10625 0.1328125
2 0.796875 0.82578125 0.1296875 0.1578125
2 0.91015625 0.56015625 0.09375 0.1484375
2 0.8859375 0.41328125 0.0671875 0.1140625
2 0.7703125 0.51875 0.13125 0.1078125
2 0.46796875 0.859375 0.2171875 0.253125
2 0.209375 0.834375 0.2296875 0.221875
2 0.3953125 0.66171875 0.146875 0.075
2 0.2578125 0.753125 0.1109375 0.10625
2 0.165625 0.453125 0.1328125 0.25625
2 0.28046875 0.3359375 0.165625 0.1
2 0.4125 0.21328125 0.1828125 0.05625
2 0.378125 0.490625 0.128125 0.0953125