17 0.41875 0.06484375 0.1796875 0.1296875
17 0.11484375 0.03671875 0.2296875 0.0734375
17 0.2359375 0.09609375 0.2265625 0.0859375
17 0.33828125 0.2796875 0.140625 0.2625
17 0.1765625 0.28515625 0.1125 0.1828125
17 0.25390625 0.478125 0.49375 0.1859375
17 0.25546875 0.715625 0.240625 0.15625
17 0.453125 0.6296875 0.2390625 0.2125
17 0.6421875 0.40234375 0.2046875 0.2375
17 0.6953125 0.61015625 0.1828125 0.1359375
17 0.82265625 0.5359375 0.2546875 0.0859375
17 0.915625 0.696875 0.165625 0.1578125
17 0.85390625 0.8953125 0.2734375 0.0734375
17 0.5 0.78671875 0.3484375 0.153125
17 0.565625 0.22109375 0.134375 0.153125