2 0.19296875 0.42265625 0.3640625 0.1546875
2 0.3890625 0.6078125 0.1078125 0.3234375
2 0.615625 0.43671875 0.3953125 0.175
2 0.27578125 0.66640625 0.1578125 0.340625
2 0.4109375 0.27578125 0.096875 0.2921875
2 0.54140625 0.196875 0.190625 0.3375
2 0.84609375 0.79140625 0.30625 0.1875
2 0.93046875 0.5328125 0.128125 0.371875
2 0.83671875 0.1890625 0.1234375 0.1265625
2 0.80859375 0.3375 0.075 0.146875
2 0.15625 0.78203125 0.2015625 0.2203125
2 0.0890625 0.5875 0.096875 0.1453125
2 0.1703125 0.22578125 0.16875 0.290625
2 0.6625 0.1421875 0.084375 0.209375