4 0.725 0.49765625 0.3625 0.2359375
4 0.5671875 0.2546875 0.1625 0.4296875
4 0.44921875 0.209375 0.0921875 0.2359375
4 0.68984375 0.26953125 0.11875 0.2328125
4 0.8390625 0.2734375 0.1328125 0.2265625
4 0.73046875 0.7390625 0.20625 0.2296875
4 0.55390625 0.721875 0.1640625 0.4046875
4 0.35703125 0.4859375 0.3578125 0.2234375
4 0.26796875 0.2125 0.134375 0.0921875
4 0.1546875 0.10546875 0.1859375 0.146875
4 0.19140625 0.59375 0.128125 0.2390625
4 0.30234375 0.77265625 0.196875 0.1203125
4 0.090625 0.85625 0.18125 0.159375