14 0.57265625 0.4078125 0.2515625 0.18125
14 0.384375 0.5453125 0.234375 0.178125
14 0.86171875 0.4296875 0.20625 0.1171875
14 0.8 0.565625 0.153125 0.1984375
14 0.14375 0.69453125 0.2109375 0.1140625
14 0.28828125 0.7390625 0.14375 0.1359375
14 0.425 0.75546875 0.1421875 0.0953125
14 0.56796875 0.74609375 0.15625 0.09375
14 0.6375 0.7984375 0.125 0.065625
14 0.74765625 0.69296875 0.1375 0.0953125
14 0.2203125 0.05625 0.153125 0.1125
14 0.08671875 0.1171875 0.1609375 0.1046875
14 0.9375 0.04765625 0.0921875 0.09375
14 0.96015625 0.12734375 0.0734375 0.0796875
14 0.95625 0.81953125 0.0875 0.0703125
14 0.8328125 0.83515625 0.103125 0.08125
14 0.5796875 0.57265625 0.1984375 0.1546875
14 0.26484375 0.84921875 0.2375 0.1109375
14 0.5125 0.0734375 0.09375 0.0625
14 0.52734375 0.2359375 0.109375 0.0640625
14 0.4109375 0.225 0.121875 0.0671875