2 0.55390625 0.36328125 0.175 0.396875
2 0.790625 0.43515625 0.353125 0.2
2 0.71875 0.56640625 0.290625 0.0921875
2 0.38984375 0.596875 0.325 0.0984375
2 0.57265625 0.78359375 0.1484375 0.3546875
2 0.39140625 0.425 0.16875 0.23125
2 0.18671875 0.14765625 0.196875 0.2953125
2 0.44296875 0.0578125 0.39375 0.115625
2 0.8 0.13359375 0.121875 0.115625
2 0.65 0.17109375 0.15 0.0765625
2 0.3375 0.70546875 0.3390625 0.153125
2 0.2265625 0.83046875 0.2296875 0.19375
2 0.78515625 0.82265625 0.2703125 0.1671875
2 0.41640625 0.89296875 0.140625 0.09375
2 0.84375 0.315625 0.2125 0.078125