19 0.10859375 0.63125 0.2171875 0.1609375
19 0.1578125 0.503125 0.1140625 0.0875
19 0.075 0.39921875 0.15 0.15
19 0.30859375 0.259375 0.175 0.1234375
19 0.334375 0.49375 0.140625 0.1203125
19 0.4703125 0.53203125 0.1984375 0.146875
19 0.44921875 0.3875 0.1828125 0.10625
19 0.67421875 0.41171875 0.1421875 0.121875
19 0.82734375 0.5296875 0.178125 0.134375
19 0.5203125 0.678125 0.215625 0.16875
19 0.6765625 0.6703125 0.15 0.1203125
19 0.82265625 0.67265625 0.15625 0.1234375
19 0.4015625 0.86796875 0.1640625 0.140625
19 0.6859375 0.9328125 0.1875 0.134375
19 0.6765625 0.80234375 0.2234375 0.140625