2 0.53671875 0.48828125 0.2171875 0.4703125
2 0.9140625 0.56015625 0.0875 0.153125
2 0.77265625 0.51484375 0.1234375 0.096875
2 0.890625 0.415625 0.05625 0.1109375
2 0.77265625 0.6625 0.10625 0.134375
2 0.79921875 0.82578125 0.11875 0.140625
2 0.4828125 0.86328125 0.19375 0.2453125
2 0.2046875 0.84296875 0.2125 0.2140625
2 0.1671875 0.45546875 0.1265625 0.2578125
2 0.28203125 0.33828125 0.165625 0.1015625
2 0.41484375 0.21640625 0.178125 0.0578125
2 0.3796875 0.4953125 0.1328125 0.0953125
2 0.08515625 0.29375 0.1703125 0.059375