12 0.5515625 0.18046875 0.1296875 0.1265625
12 0.36953125 0.08515625 0.15625 0.1015625
12 0.25390625 0.19921875 0.1203125 0.121875
12 0.14375 0.30390625 0.1703125 0.109375
12 0.41484375 0.3328125 0.171875 0.128125
12 0.40390625 0.40546875 0.1453125 0.084375
12 0.553125 0.40625 0.121875 0.1125
12 0.5421875 0.5359375 0.109375 0.065625
12 0.80078125 0.596875 0.1859375 0.1125
12 0.7109375 0.52734375 0.1125 0.0828125
12 0.90859375 0.4703125 0.159375 0.0921875
12 0.75234375 0.165625 0.1296875 0.0859375
12 0.80546875 0.07890625 0.153125 0.103125
12 0.8203125 0.246875 0.08125 0.084375
12 0.771875 0.28671875 0.0828125 0.05
12 0.8125 0.421875 0.0828125 0.0703125
12 0.88125 0.39609375 0.0828125 0.0609375
12 0.6171875 0.46328125 0.0953125 0.090625
12 0.46953125 0.4734375 0.09375 0.0640625
12 0.35 0.68515625 0.146875 0.090625
12 0.5171875 0.67421875 0.1390625 0.0875
12 0.30078125 0.45234375 0.2109375 0.1109375
12 0.23203125 0.6265625 0.25625 0.1484375
12 0.28359375 0.81953125 0.2625 0.1984375
12 0.4921875 0.81328125 0.14375 0.1296875
12 0.703125 0.8015625 0.26875 0.165625