2 0.409375 0.41953125 0.1296875 0.275
2 0.53828125 0.23984375 0.2078125 0.0796875
2 0.44453125 0.1671875 0.1265625 0.109375
2 0.309375 0.23984375 0.2140625 0.065625
2 0.1328125 0.23359375 0.1640625 0.221875
2 0.28203125 0.121875 0.2703125 0.09375
2 0.178125 0.4890625 0.053125 0.125
2 0.34140625 0.56875 0.125 0.259375
2 0.25546875 0.7359375 0.0875 0.2
2 0.09140625 0.6375 0.1828125 0.06875
2 0.65390625 0.715625 0.203125 0.203125
2 0.6953125 0.590625 0.2375 0.0578125
2 0.7484375 0.53671875 0.19375 0.0765625
2 0.6375 0.55625 0.0515625 0.09375
2 0.4796875 0.64609375 0.1421875 0.109375
2 0.63125 0.371875 0.3234375 0.1625
2 0.8859375 0.41484375 0.171875 0.15625
2 0.72265625 0.2625 0.1234375 0.1296875
2 0.5375 0.4984375 0.121875 0.04375
2 0.57421875 0.4328125 0.1609375 0.0453125
2 0.5234375 0.82265625 0.0953125 0.190625