2 0.35390625 0.17578125 0.2 0.1671875
2 0.48515625 0.171875 0.065625 0.18125
2 0.578125 0.2890625 0.115625 0.1921875
2 0.68203125 0.2453125 0.0953125 0.228125
2 0.7015625 0.3984375 0.1265625 0.0828125
2 0.65078125 0.13984375 0.1390625 0.0859375
2 0.353125 0.396875 0.1859375 0.1671875
2 0.51953125 0.4125 0.0734375 0.3
2 0.5671875 0.43828125 0.1421875 0.2515625
2 0.69609375 0.5046875 0.1015625 0.1296875
2 0.82734375 0.74765625 0.18125 0.203125
2 0.58359375 0.803125 0.2546875 0.1546875
2 0.34765625 0.5984375 0.2359375 0.1234375
2 0.4765625 0.75546875 0.1015625 0.290625
2 0.67734375 0.671875 0.0921875 0.1796875