19 0.509375 0.51484375 0.13125 0.1625
19 0.68828125 0.46953125 0.121875 0.159375
19 0.58125 0.43515625 0.0671875 0.09375
19 0.57265625 0.3140625 0.121875 0.1375
19 0.46640625 0.27265625 0.0890625 0.128125
19 0.42109375 0.1734375 0.1390625 0.1890625
19 0.30859375 0.12265625 0.1234375 0.153125
19 0.1359375 0.24765625 0.0921875 0.11875
19 0.3359375 0.43203125 0.1171875 0.146875
19 0.19765625 0.58203125 0.1375 0.1734375
19 0.24921875 0.90859375 0.0984375 0.1375
19 0.3578125 0.584375 0.0984375 0.121875
19 0.3640625 0.91640625 0.1140625 0.1640625
19 0.846875 0.625 0.0875 0.15625
19 0.75859375 0.60703125 0.096875 0.146875
19 0.5921875 0.11171875 0.13125 0.125
19 0.41171875 0.78046875 0.109375 0.1734375
19 0.7421875 0.7671875 0.1015625 0.1578125