2 0.41171875 0.49765625 0.221875 0.0875
2 0.5703125 0.35625 0.0640625 0.2546875
2 0.4859375 0.32734375 0.0796875 0.2625
2 0.6015625 0.62734375 0.0640625 0.1953125
2 0.175 0.371875 0.071875 0.1828125
2 0.06640625 0.140625 0.1328125 0.18125
2 0.0609375 0.278125 0.121875 0.0890625
2 0.11796875 0.63203125 0.1765625 0.1578125
2 0.0671875 0.5265625 0.071875 0.2140625
2 0.10390625 0.85078125 0.15625 0.134375
2 0.2609375 0.571875 0.109375 0.1734375
2 0.26796875 0.73828125 0.0953125 0.0953125
2 0.33984375 0.7859375 0.0625 0.1359375
2 0.47265625 0.66015625 0.096875 0.2171875
2 0.234375 0.21875 0.1453125 0.1078125