25 0.25703125 0.4765625 0.221875 0.3125
25 0.47265625 0.67890625 0.1921875 0.2953125
25 0.51484375 0.34453125 0.1984375 0.29375
25 0.65390625 0.5203125 0.20625 0.2984375
25 0.58359375 0.7953125 0.1265625 0.1546875
25 0.69921875 0.7078125 0.1671875 0.146875
25 0.78046875 0.1515625 0.115625 0.15625
25 0.6578125 0.315625 0.096875 0.1296875
25 0.91015625 0.3828125 0.1578125 0.1875
25 0.9125 0.11953125 0.1375 0.19375
25 0.5796875 0.15 0.0625 0.09375
25 0.653125 0.1546875 0.075 0.090625
25 0.4171875 0.11171875 0.0828125 0.1265625
25 0.6765625 0.94140625 0.1125 0.1171875