2 0.4375 0.38515625 0.1734375 0.3921875
2 0.60546875 0.61171875 0.3265625 0.1046875
2 0.6671875 0.728125 0.3546875 0.1515625
2 0.425 0.8046875 0.153125 0.359375
2 0.26796875 0.58984375 0.28125 0.0953125
2 0.60078125 0.4359375 0.1640625 0.2390625
2 0.78125 0.83984375 0.2328125 0.2
2 0.23203125 0.8328125 0.2890625 0.1703125
2 0.18984375 0.4609375 0.334375 0.1859375
2 0.7921875 0.15234375 0.1875 0.3046875
2 0.5203125 0.06796875 0.3625 0.128125
2 0.184375 0.16171875 0.121875 0.125
2 0.15 0.33828125 0.2046875 0.0859375
2 0.7859375 0.5234375 0.0796875 0.1078125