19 0.71640625 0.875 0.1578125 0.1125
19 0.753125 0.9453125 0.1375 0.109375
19 0.87578125 0.87265625 0.1546875 0.1171875
19 0.59765625 0.57734375 0.1875 0.140625
19 0.40546875 0.628125 0.13125 0.10625
19 0.21015625 0.4828125 0.11875 0.078125
19 0.30390625 0.509375 0.10625 0.0859375
19 0.36015625 0.3515625 0.1390625 0.1
19 0.16640625 0.36328125 0.1140625 0.0734375
19 0.4015625 0.48515625 0.0875 0.06875
19 0.715625 0.35078125 0.1140625 0.075
19 0.51953125 0.21796875 0.121875 0.0890625
19 0.6375 0.25 0.0625 0.0484375
19 0.71875 0.259375 0.078125 0.0484375
19 0.6140625 0.325 0.08125 0.0625
19 0.1625 0.09609375 0.11875 0.090625