16 0.77734375 0.48828125 0.10625 0.0796875
16 0.62421875 0.48671875 0.1515625 0.0953125
16 0.6890625 0.56015625 0.1078125 0.0984375
16 0.6 0.60625 0.1265625 0.1171875
16 0.4765625 0.58515625 0.109375 0.128125
16 0.5390625 0.50546875 0.1 0.05625
16 0.4390625 0.49921875 0.0796875 0.0578125
16 0.33515625 0.525 0.1046875 0.09375
16 0.278125 0.58125 0.078125 0.05625
16 0.36171875 0.590625 0.0859375 0.0546875
16 0.2984375 0.659375 0.0984375 0.10625
16 0.1859375 0.61328125 0.128125 0.0984375
16 0.1421875 0.45390625 0.1640625 0.1078125
16 0.11015625 0.38359375 0.1078125 0.0609375
16 0.14453125 0.31875 0.1375 0.09375