25 0.6296875 0.6109375 0.23125 0.1875
25 0.27890625 0.47421875 0.2640625 0.20625
25 0.4859375 0.29375 0.2453125 0.1796875
25 0.38828125 0.22421875 0.1140625 0.109375
25 0.3125 0.28046875 0.1359375 0.0859375
25 0.26328125 0.25 0.165625 0.16875
25 0.146875 0.31171875 0.0875 0.109375
25 0.078125 0.70390625 0.15625 0.16875
25 0.3328125 0.81484375 0.13125 0.125
25 0.17109375 0.8484375 0.1515625 0.125
25 0.44765625 0.87578125 0.125 0.125
25 0.78359375 0.90703125 0.13125 0.096875
25 0.21796875 0.93359375 0.096875 0.1109375
25 0.846875 0.746875 0.1046875 0.075
25 0.9578125 0.7890625 0.084375 0.09375
25 0.6859375 0.81484375 0.090625 0.121875
25 0.72109375 0.95078125 0.1234375 0.0984375
25 0.35078125 0.56796875 0.1515625 0.1296875
25 0.0515625 0.31875 0.1015625 0.09375