25 0.48828125 0.3359375 0.3578125 0.2734375
25 0.5453125 0.546875 0.221875 0.18125
25 0.225 0.6703125 0.2640625 0.215625
25 0.42578125 0.87578125 0.240625 0.178125
25 0.5 0.71875 0.28125 0.1796875
25 0.74140625 0.58671875 0.2625 0.2078125
25 0.71015625 0.45 0.2359375 0.171875
25 0.73828125 0.29453125 0.225 0.1890625
25 0.5234375 0.18125 0.2125 0.13125
25 0.13828125 0.2 0.15 0.1125
25 0.1484375 0.13515625 0.065625 0.05
25 0.22109375 0.096875 0.159375 0.1234375
25 0.115625 0.07265625 0.159375 0.128125
25 0.403125 0.125 0.178125 0.1359375
25 0.28359375 0.51171875 0.159375 0.15625
25 0.7328125 0.090625 0.2546875 0.18125