19 0.89375 0.36796875 0.2125 0.1609375
19 0.8421875 0.49609375 0.11875 0.0859375
19 0.66640625 0.50703125 0.146875 0.1203125
19 0.9265625 0.60078125 0.146875 0.1484375
19 0.53125 0.46953125 0.196875 0.1484375
19 0.32578125 0.33359375 0.1484375 0.1203125
19 0.4828125 0.325 0.2109375 0.16875
19 0.5984375 0.13515625 0.1671875 0.140625
19 0.3265625 0.19765625 0.2296875 0.1484375
19 0.31640625 0.06953125 0.19375 0.1390625
19 0.18046875 0.33125 0.1546875 0.1234375
19 0.69296875 0.73984375 0.1796875 0.125
19 0.55390625 0.60546875 0.184375 0.1203125
19 0.3296875 0.58828125 0.1421875 0.1234375
19 0.17734375 0.4734375 0.1765625 0.1328125