2 0.1953125 0.43359375 0.3734375 0.15625
2 0.38515625 0.62421875 0.1046875 0.3203125
2 0.2765625 0.6765625 0.15625 0.35
2 0.15078125 0.790625 0.2109375 0.2296875
2 0.41171875 0.27890625 0.09375 0.290625
2 0.53984375 0.20859375 0.1921875 0.3453125
2 0.62265625 0.44375 0.3765625 0.1734375
2 0.5625 0.603125 0.2296875 0.1734375
2 0.8453125 0.80234375 0.309375 0.1890625
2 0.9296875 0.5390625 0.128125 0.36875
2 0.83671875 0.1984375 0.115625 0.1171875
2 0.81015625 0.34375 0.075 0.1453125
2 0.6625 0.15 0.084375 0.2140625
2 0.93984375 0.33046875 0.0859375 0.2265625
2 0.16953125 0.2296875 0.1765625 0.2890625