2 0.3515625 0.4484375 0.2375 0.196875
2 0.6296875 0.41640625 0.0953125 0.1390625
2 0.4609375 0.43125 0.215625 0.1171875
2 0.58515625 0.55625 0.0984375 0.1359375
2 0.52109375 0.7296875 0.15 0.309375
2 0.253125 0.66640625 0.3921875 0.21875
2 0.14765625 0.57265625 0.1625 0.3765625
2 0.22578125 0.25703125 0.3296875 0.165625
2 0.37109375 0.165625 0.196875 0.3296875
2 0.82578125 0.421875 0.203125 0.4203125
2 0.8796875 0.7 0.240625 0.1953125
2 0.04921875 0.42890625 0.0984375 0.1953125
2 0.665625 0.20703125 0.0921875 0.1125