2 0.48125 0.690625 0.15625 0.3953125
2 0.7734375 0.8671875 0.084375 0.16875
2 0.89609375 0.7421875 0.2078125 0.0703125
2 0.828125 0.8015625 0.1171875 0.08125
2 0.7734375 0.66953125 0.090625 0.1578125
2 0.6265625 0.78828125 0.2 0.109375
2 0.65078125 0.66796875 0.125 0.0515625
2 0.24296875 0.8203125 0.2078125 0.096875
2 0.3671875 0.85703125 0.0546875 0.1140625
2 0.28828125 0.70234375 0.2140625 0.103125
2 0.25625 0.43046875 0.4078125 0.1109375
2 0.68125 0.4359375 0.3859375 0.109375
2 0.734375 0.53359375 0.4 0.103125
2 0.25859375 0.50078125 0.371875 0.0984375
2 0.50859375 0.28671875 0.1515625 0.321875
2 0.75390625 0.2375 0.1203125 0.184375
2 0.771875 0.371875 0.2203125 0.290625
2 0.16640625 0.284375 0.1890625 0.209375
2 0.94765625 0.18359375 0.1046875 0.1609375
2 0.4015625 0.17734375 0.09375 0.1125