2 0.08046875 0.12734375 0.140625 0.190625
2 0.06640625 0.26484375 0.1328125 0.0796875
2 0.17890625 0.3640625 0.0546875 0.1921875
2 0.3703125 0.509375 0.20625 0.0859375
2 0.4546875 0.5359375 0.1359375 0.0578125
2 0.51328125 0.37109375 0.065625 0.271875
2 0.58359375 0.5140625 0.109375 0.0625
2 0.6390625 0.53046875 0.1765625 0.08125
2 0.53828125 0.66328125 0.0609375 0.228125
2 0.4296875 0.6828125 0.1125 0.2328125
2 0.4609375 0.728125 0.115625 0.0515625
2 0.3015625 0.55625 0.16875 0.0703125
2 0.08515625 0.6046875 0.1671875 0.1375
2 0.22421875 0.66640625 0.1171875 0.0578125
2 0.328125 0.815625 0.0453125 0.1609375
2 0.2515625 0.74765625 0.0984375 0.0921875