2 0.421875 0.8046875 0.15 0.3609375
2 0.60078125 0.60625 0.3328125 0.1015625
2 0.43203125 0.378125 0.1765625 0.3875
2 0.265625 0.58359375 0.2890625 0.09375
2 0.18671875 0.453125 0.3328125 0.1875
2 0.59375 0.4296875 0.1703125 0.2234375
2 0.66484375 0.7171875 0.35 0.15
2 0.778125 0.83671875 0.2296875 0.2046875
2 0.225 0.82734375 0.2953125 0.16875
2 0.7875 0.153125 0.184375 0.30625
2 0.5234375 0.0625 0.375 0.1234375
2 0.1796875 0.1546875 0.11875 0.109375
2 0.33046875 0.18046875 0.14375 0.06875
2 0.1375 0.33359375 0.2140625 0.0921875
2 0.159375 0.23828125 0.1734375 0.059375