2 0.3078125 0.6265625 0.3921875 0.275
2 0.70234375 0.6796875 0.3640625 0.3328125
2 0.30859375 0.353125 0.3671875 0.26875
2 0.7421875 0.365625 0.4140625 0.240625
2 0.40625 0.74296875 0.2125 0.3046875
2 0.4953125 0.83828125 0.2890625 0.175
2 0.17890625 0.8453125 0.2046875 0.2
2 0.72109375 0.88671875 0.215625 0.196875
2 0.175 0.490625 0.1125 0.20625
2 0.8359375 0.59375 0.1578125 0.253125
2 0.71875 0.8875 0.2140625 0.2015625
2 0.07734375 0.41328125 0.1484375 0.1640625
2 0.9375 0.57265625 0.11875 0.2390625
2 0.5578125 0.33828125 0.1515625 0.1