2 0.61484375 0.4375 0.3921875 0.1734375
2 0.38828125 0.60546875 0.1046875 0.3265625
2 0.271875 0.6671875 0.1515625 0.3546875
2 0.1953125 0.425 0.359375 0.153125
2 0.41015625 0.26796875 0.0953125 0.28125
2 0.5640625 0.60078125 0.2390625 0.1640625
2 0.16015625 0.78125 0.2 0.2328125
2 0.1671875 0.23203125 0.1703125 0.2890625
2 0.5390625 0.18984375 0.1859375 0.334375
2 0.84765625 0.7921875 0.3046875 0.1875
2 0.93203125 0.5203125 0.128125 0.3625
2 0.83828125 0.184375 0.125 0.121875
2 0.66171875 0.15 0.0859375 0.2046875
2 0.4765625 0.7859375 0.1078125 0.0796875