0 0.5515625 0.26953125 0.1359375 0.1453125
0 0.4640625 0.103125 0.0828125 0.159375
0 0.371875 0.284375 0.1 0.1328125
0 0.40390625 0.19921875 0.06875 0.0765625
0 0.4484375 0.29921875 0.0609375 0.1125
0 0.47109375 0.4203125 0.1203125 0.1625
0 0.51640625 0.5453125 0.084375 0.1015625
0 0.41015625 0.53125 0.0796875 0.0875
0 0.6515625 0.45859375 0.1015625 0.1890625
0 0.6765625 0.24375 0.1453125 0.1546875
0 0.62265625 0.71640625 0.1109375 0.1078125
0 0.4546875 0.61484375 0.05 0.0859375
0 0.50703125 0.8140625 0.059375 0.078125