2 0.803125 0.8484375 0.3578125 0.290625
2 0.6546875 0.5609375 0.16875 0.0796875
2 0.61171875 0.43203125 0.121875 0.1921875
2 0.496875 0.5046875 0.1265625 0.06875
2 0.48515625 0.6453125 0.1703125 0.1875
2 0.521875 0.88515625 0.171875 0.08125
2 0.68515625 0.9546875 0.0984375 0.0625
2 0.68203125 0.8734375 0.0859375 0.1421875
2 0.2640625 0.90625 0.178125 0.0859375
2 0.2453125 0.78515625 0.09375 0.1171875
2 0.134375 0.80234375 0.1015625 0.1296875
2 0.09453125 0.56640625 0.09375 0.146875
2 0.24140625 0.59453125 0.0734375 0.121875
2 0.35078125 0.5078125 0.2296875 0.10625
2 0.25859375 0.3984375 0.0734375 0.096875
2 0.22421875 0.34453125 0.2609375 0.125
2 0.06796875 0.43125 0.065625 0.0953125
2 0.36015625 0.67109375 0.1625 0.1140625
2 0.85859375 0.3578125 0.234375 0.13125
2 0.90078125 0.209375 0.1984375 0.1984375
2 0.76640625 0.115625 0.2078125 0.1203125
2 0.825 0.22265625 0.1390625 0.16875
2 0.6921875 0.2390625 0.221875 0.1
2 0.3921875 0.85546875 0.0875 0.08125