19 0.6296875 0.8859375 0.1609375 0.2203125
19 0.50234375 0.83203125 0.0859375 0.1140625
19 0.39765625 0.91953125 0.1515625 0.1609375
19 0.49375 0.65546875 0.1203125 0.1421875
19 0.53359375 0.5171875 0.1484375 0.2
19 0.2578125 0.67734375 0.1234375 0.178125
19 0.39453125 0.5390625 0.121875 0.1859375
19 0.41328125 0.31328125 0.1234375 0.1421875
19 0.33359375 0.23515625 0.0828125 0.125
19 0.53203125 0.159375 0.134375 0.1796875
19 0.6765625 0.1640625 0.125 0.1578125
19 0.67265625 0.3125 0.1203125 0.15
19 0.68046875 0.46953125 0.16875 0.2171875
19 0.86796875 0.5921875 0.1390625 0.1625
19 0.81015625 0.315625 0.153125 0.2328125
19 0.93359375 0.31015625 0.1328125 0.1921875