2 0.521875 0.52265625 0.2484375 0.5765625
2 0.33046875 0.34140625 0.0796875 0.125
2 0.28984375 0.1953125 0.1234375 0.1078125
2 0.25546875 0.703125 0.1171875 0.1796875
2 0.11328125 0.63515625 0.2015625 0.1046875
2 0.278125 0.5765625 0.109375 0.059375
2 0.3640625 0.7921875 0.28125 0.1171875
2 0.5828125 0.88359375 0.1734375 0.2328125
2 0.7328125 0.54453125 0.1890625 0.0640625
2 0.78203125 0.6375 0.1234375 0.1171875
2 0.8359375 0.48671875 0.0875 0.1484375
2 0.15234375 0.32578125 0.3046875 0.1453125
2 0.13984375 0.515625 0.153125 0.1296875
2 0.0890625 0.92578125 0.0796875 0.1390625