19 0.29921875 0.91328125 0.19375 0.159375
19 0.1359375 0.6625 0.18125 0.1203125
19 0.3390625 0.72890625 0.1359375 0.109375
19 0.44375 0.5890625 0.184375 0.1453125
19 0.546875 0.52109375 0.1 0.06875
19 0.6734375 0.54296875 0.1390625 0.1328125
19 0.784375 0.7359375 0.203125 0.1609375
19 0.68828125 0.6640625 0.13125 0.0984375
19 0.490625 0.78125 0.1609375 0.13125
19 0.82421875 0.86796875 0.1671875 0.1375
19 0.89296875 0.55234375 0.140625 0.134375
19 0.53359375 0.40625 0.1609375 0.13125
19 0.40625 0.3140625 0.15625 0.1078125
19 0.4125 0.22421875 0.1515625 0.0953125
19 0.2421875 0.309375 0.1734375 0.115625
19 0.23203125 0.43125 0.1515625 0.0984375