2 0.49765625 0.6890625 0.1578125 0.4078125
2 0.69375 0.425 0.38125 0.11875
2 0.53046875 0.28203125 0.1671875 0.3265625
2 0.2734375 0.41484375 0.4125 0.11875
2 0.7578125 0.534375 0.4015625 0.1125
2 0.265625 0.503125 0.3578125 0.1015625
2 0.78984375 0.675 0.0921875 0.1640625
2 0.9046875 0.74609375 0.190625 0.075
2 0.79296875 0.8734375 0.0875 0.1796875
2 0.64296875 0.7921875 0.1921875 0.1171875
2 0.25390625 0.8234375 0.2140625 0.0984375
2 0.77734375 0.23125 0.1265625 0.184375
2 0.79609375 0.36640625 0.2265625 0.284375
2 0.17734375 0.30546875 0.2015625 0.253125