19 0.65703125 0.9484375 0.134375 0.103125
19 0.57421875 0.91015625 0.078125 0.0671875
19 0.67578125 0.82734375 0.1109375 0.0875
19 0.653125 0.74609375 0.1296875 0.1046875
19 0.47421875 0.75703125 0.1109375 0.084375
19 0.346875 0.834375 0.128125 0.103125
19 0.12578125 0.77578125 0.0984375 0.0734375
19 0.12421875 0.71015625 0.1203125 0.08125
19 0.14609375 0.61171875 0.14375 0.1
19 0.22890625 0.68984375 0.1140625 0.0828125
19 0.371875 0.71015625 0.0921875 0.075
19 0.43359375 0.64375 0.1265625 0.0984375
19 0.5046875 0.59375 0.0703125 0.0484375
19 0.59140625 0.60625 0.0984375 0.0921875
19 0.74375 0.61484375 0.103125 0.09375
19 0.84296875 0.59921875 0.1046875 0.09375
19 0.93984375 0.54609375 0.096875 0.059375
19 0.9421875 0.69921875 0.1046875 0.103125
19 0.48984375 0.5265625 0.1140625 0.09375
19 0.40234375 0.45390625 0.1140625 0.08125
19 0.50546875 0.4140625 0.0953125 0.078125
19 0.6046875 0.4046875 0.08125 0.0625
19 0.40546875 0.3734375 0.1125 0.075
19 0.28515625 0.42890625 0.1296875 0.0921875
19 0.30234375 0.3359375 0.096875 0.075
19 0.18359375 0.28671875 0.0953125 0.0640625
19 0.02734375 0.2640625 0.0546875 0.06875
19 0.24765625 0.23203125 0.0859375 0.0515625
19 0.18984375 0.49140625 0.1140625 0.0765625
19 0.88203125 0.47265625 0.0796875 0.0640625