2 0.82578125 0.65 0.1484375 0.190625
2 0.59609375 0.64375 0.159375 0.1875
2 0.82890625 0.51328125 0.16875 0.0625
2 0.71875 0.4234375 0.178125 0.1140625
2 0.853125 0.34765625 0.084375 0.1359375
2 0.75 0.32109375 0.228125 0.0984375
2 0.61015625 0.24140625 0.0828125 0.1078125
2 0.74765625 0.259375 0.2 0.134375
2 0.49140625 0.303125 0.128125 0.0953125
2 0.5515625 0.42890625 0.23125 0.1328125
2 0.24921875 0.52109375 0.2875 0.1
2 0.58671875 0.4828125 0.296875 0.0609375
2 0.4015625 0.64765625 0.121875 0.2265625
2 0.1984375 0.4140625 0.153125 0.246875
2 0.2484375 0.17265625 0.1890625 0.1796875
2 0.53203125 0.81015625 0.0671875 0.090625
2 0.659375 0.74140625 0.0546875 0.096875
2 0.328125 0.3203125 0.1765625 0.09375
2 0.46171875 0.2515625 0.10625 0.165625
2 0.0375 0.4515625 0.075 0.1765625