2 0.49375 0.615625 0.06875 0.28125
2 0.553125 0.44609375 0.1375 0.0640625
2 0.41875 0.47421875 0.115625 0.065625
2 0.36484375 0.4609375 0.18125 0.0859375
2 0.46328125 0.3234375 0.0640625 0.2359375
2 0.6328125 0.4734375 0.2171875 0.09375
2 0.5703125 0.30234375 0.1109375 0.2359375
2 0.54296875 0.25703125 0.1171875 0.05
2 0.5546875 0.19296875 0.1171875 0.0890625
2 0.7796875 0.31328125 0.1328125 0.059375
2 0.75 0.234375 0.103125 0.09375
2 0.92109375 0.37109375 0.1578125 0.140625
2 0.93125 0.8515625 0.1375 0.1890625
2 0.94375 0.7171875 0.1125 0.0828125
2 0.834375 0.62109375 0.0578125 0.196875
2 0.67734375 0.16484375 0.0515625 0.1703125
2 0.74765625 0.75546875 0.1453125 0.0984375