2 0.4890625 0.596875 0.1875 0.4234375
2 0.775 0.4640625 0.4125 0.209375
2 0.68359375 0.32734375 0.296875 0.10625
2 0.5375 0.18984375 0.190625 0.2375
2 0.1140625 0.2890625 0.215625 0.3609375
2 0.36796875 0.7125 0.153125 0.3375
2 0.76796875 0.88515625 0.2375 0.225
2 0.33515625 0.32265625 0.3140625 0.0890625
2 0.82890625 0.753125 0.3015625 0.08125
2 0.17109375 0.60546875 0.075 0.1921875
2 0.89375 0.28515625 0.1640625 0.19375
2 0.725 0.15390625 0.209375 0.0875
2 0.8953125 0.65078125 0.2046875 0.0859375
2 0.559375 0.82109375 0.1828125 0.1296875
2 0.23515625 0.4359375 0.465625 0.159375
2 0.30703125 0.0828125 0.38125 0.14375