2 0.60546875 0.4328125 0.125 0.1859375
2 0.646875 0.5640625 0.1671875 0.078125
2 0.478125 0.64609375 0.175 0.184375
2 0.73671875 0.71640625 0.0984375 0.0671875
2 0.640625 0.64453125 0.0953125 0.0875
2 0.79765625 0.85234375 0.359375 0.2875
2 0.51796875 0.8875 0.1703125 0.0859375
2 0.390625 0.859375 0.090625 0.090625
2 0.2609375 0.91015625 0.1765625 0.0875
2 0.134375 0.80703125 0.1015625 0.1265625
2 0.3390625 0.50859375 0.2109375 0.10625
2 0.09296875 0.57265625 0.0953125 0.1390625
2 0.23671875 0.59765625 0.075 0.11875
2 0.8109375 0.228125 0.1265625 0.1671875
2 0.746875 0.12265625 0.175 0.1203125
2 0.871875 0.11015625 0.0625 0.0890625
2 0.67890625 0.24296875 0.1984375 0.0953125
2 0.22109375 0.34921875 0.2671875 0.13125
2 0.35390625 0.6734375 0.1515625 0.1140625
2 0.915625 0.67734375 0.16875 0.140625
2 0.2515625 0.40234375 0.0625 0.09375