2 0.42265625 0.80703125 0.1546875 0.3640625
2 0.6078125 0.6109375 0.3234375 0.1078125
2 0.43671875 0.384375 0.175 0.3953125
2 0.66640625 0.72421875 0.340625 0.1578125
2 0.27578125 0.5890625 0.2921875 0.096875
2 0.196875 0.45859375 0.3375 0.190625
2 0.79140625 0.15390625 0.1875 0.30625
2 0.5328125 0.06953125 0.371875 0.128125
2 0.1890625 0.16328125 0.1265625 0.1234375
2 0.3375 0.19140625 0.146875 0.075
2 0.78203125 0.84375 0.2203125 0.2015625
2 0.5875 0.9109375 0.1453125 0.096875
2 0.22578125 0.8296875 0.290625 0.16875
2 0.1421875 0.3375 0.209375 0.084375