17 0.4203125 0.915625 0.165625 0.1484375
17 0.128125 0.94453125 0.2328125 0.1015625
17 0.34453125 0.69765625 0.1390625 0.2078125
17 0.26640625 0.534375 0.471875 0.178125
17 0.46328125 0.38125 0.234375 0.2078125
17 0.63984375 0.5984375 0.1921875 0.221875
17 0.81484375 0.46796875 0.25625 0.08125
17 0.9140625 0.3109375 0.171875 0.15
17 0.6765625 0.40390625 0.2265625 0.13125
17 0.86328125 0.10703125 0.2703125 0.08125
17 0.5234375 0.1984375 0.346875 0.159375
17 0.26484375 0.27421875 0.2484375 0.1640625