2 0.4296875 0.53203125 0.33125 0.159375
2 0.3515625 0.29375 0.1703125 0.340625
2 0.2125 0.384375 0.1 0.2421875
2 0.12265625 0.50234375 0.1390625 0.146875
2 0.20859375 0.665625 0.078125 0.2375
2 0.19765625 0.865625 0.2734375 0.1984375
2 0.0640625 0.703125 0.1078125 0.30625
2 0.3296875 0.7921875 0.165625 0.3859375
2 0.49375 0.81484375 0.15 0.0734375
2 0.58203125 0.62421875 0.309375 0.15
2 0.66484375 0.90078125 0.075 0.1984375
2 0.76796875 0.73046875 0.2109375 0.096875
2 0.753125 0.28046875 0.225 0.2265625
2 0.61328125 0.23046875 0.0703125 0.265625
2 0.54609375 0.184375 0.0890625 0.2109375
2 0.678125 0.471875 0.1328125 0.159375
2 0.23828125 0.20390625 0.153125 0.1453125
2 0.14375 0.33984375 0.071875 0.1890625
2 0.84453125 0.4453125 0.2046875 0.1140625