2 0.49453125 0.68046875 0.1578125 0.40625
2 0.6984375 0.41875 0.3796875 0.1125
2 0.75 0.52578125 0.4140625 0.1109375
2 0.26796875 0.409375 0.3953125 0.1203125
2 0.26171875 0.4921875 0.35 0.1015625
2 0.17734375 0.30078125 0.184375 0.25625
2 0.52734375 0.2765625 0.1515625 0.3328125
2 0.7734375 0.22109375 0.11875 0.184375
2 0.7984375 0.36328125 0.234375 0.2796875
2 0.7890625 0.66875 0.090625 0.1609375
2 0.79375 0.8671875 0.09375 0.1671875
2 0.6359375 0.79296875 0.1875 0.1125
2 0.2515625 0.821875 0.2109375 0.1
2 0.8984375 0.7421875 0.203125 0.071875
2 0.6625 0.66484375 0.1328125 0.0546875
2 0.29609375 0.70390625 0.2078125 0.109375
2 0.30625 0.60625 0.1125 0.0984375