2 0.07265625 0.1296875 0.1421875 0.1828125
2 0.06171875 0.26640625 0.1234375 0.08125
2 0.16796875 0.36640625 0.059375 0.1953125
2 0.08046875 0.61015625 0.159375 0.13125
2 0.44375 0.54296875 0.1359375 0.0609375
2 0.3609375 0.51328125 0.2 0.0859375
2 0.50390625 0.3796875 0.0671875 0.275
2 0.571875 0.51875 0.109375 0.0625
2 0.63125 0.5359375 0.1734375 0.078125
2 0.53046875 0.66796875 0.059375 0.2328125
2 0.29140625 0.5609375 0.1578125 0.0671875
2 0.4234375 0.6921875 0.1109375 0.234375
2 0.45 0.734375 0.109375 0.0515625
2 0.45 0.3421875 0.04375 0.2421875
2 0.2453125 0.75234375 0.1015625 0.090625
2 0.3203125 0.82265625 0.0484375 0.175
2 0.2625 0.23671875 0.14375 0.096875