2 0.5671875 0.39453125 0.1859375 0.125
2 0.4359375 0.353125 0.078125 0.1671875
2 0.35390625 0.521875 0.184375 0.175
2 0.28359375 0.26328125 0.0671875 0.0984375
2 0.35546875 0.359375 0.0875 0.0953125
2 0.14765625 0.20234375 0.2875 0.359375
2 0.1125 0.48203125 0.0859375 0.1703125
2 0.140625 0.609375 0.090625 0.090625
2 0.08984375 0.7390625 0.0875 0.1765625
2 0.19296875 0.865625 0.1265625 0.1015625
2 0.49140625 0.6609375 0.10625 0.2109375
2 0.42734375 0.90703125 0.1390625 0.0953125
2 0.40234375 0.76328125 0.11875 0.075
2 0.771875 0.1890625 0.1671875 0.1265625
2 0.87734375 0.253125 0.1203125 0.175
2 0.88984375 0.128125 0.0890625 0.0625
2 0.75703125 0.32109375 0.0953125 0.1984375
2 0.65078125 0.77890625 0.13125 0.2671875
2 0.3265625 0.64609375 0.1140625 0.1515625
2 0.32265625 0.084375 0.140625 0.16875
2 0.59765625 0.7484375 0.09375 0.0625