2 0.684375 0.5046875 0.3984375 0.1546875
2 0.42421875 0.2984375 0.109375 0.39375
2 0.5296875 0.25234375 0.1109375 0.415625
2 0.66484375 0.2109375 0.16875 0.096875
2 0.74453125 0.1 0.075 0.2
2 0.86796875 0.21015625 0.1734375 0.090625
2 0.78984375 0.35703125 0.115625 0.2078125
2 0.8203125 0.74375 0.0984375 0.2265625
2 0.89453125 0.64375 0.178125 0.09375
2 0.49609375 0.728125 0.1 0.375
2 0.42109375 0.7296875 0.1109375 0.4015625
2 0.2765625 0.471875 0.325 0.1515625
2 0.36328125 0.20546875 0.2875 0.221875
2 0.2265625 0.22578125 0.1859375 0.115625
2 0.29921875 0.8203125 0.253125 0.1984375
2 0.60390625 0.9109375 0.2015625 0.1109375