25 0.71015625 0.34296875 0.2140625 0.184375
25 0.48203125 0.38359375 0.2171875 0.1609375
25 0.39765625 0.2828125 0.115625 0.0875
25 0.49609375 0.26953125 0.1140625 0.08125
25 0.4203125 0.1609375 0.2359375 0.1859375
25 0.60234375 0.06796875 0.165625 0.1359375
25 0.83671875 0.07578125 0.18125 0.140625
25 0.73046875 0.03671875 0.1046875 0.0734375
25 0.70859375 0.1796875 0.13125 0.1140625
25 0.78671875 0.28046875 0.1953125 0.1515625
25 0.909375 0.3734375 0.18125 0.15
25 0.8046875 0.48203125 0.1625 0.1453125
25 0.47890625 0.60234375 0.321875 0.2640625
25 0.678125 0.70234375 0.1703125 0.1375
25 0.5890625 0.9078125 0.28125 0.184375
25 0.8640625 0.7890625 0.1453125 0.1234375
25 0.86328125 0.92109375 0.13125 0.1109375
25 0.15625 0.28125 0.1421875 0.1328125
25 0.17421875 0.103125 0.11875 0.125
25 0.24921875 0.4328125 0.2625 0.1171875