2 0.6890625 0.50234375 0.4078125 0.1578125
2 0.425 0.30625 0.11875 0.38125
2 0.28203125 0.46953125 0.3265625 0.1671875
2 0.41484375 0.7265625 0.11875 0.4125
2 0.534375 0.2421875 0.1125 0.4015625
2 0.503125 0.734375 0.1015625 0.3578125
2 0.675 0.21015625 0.1640625 0.0921875
2 0.74609375 0.0953125 0.075 0.190625
2 0.8734375 0.20703125 0.1796875 0.0875
2 0.7921875 0.35703125 0.1171875 0.1921875
2 0.8234375 0.74609375 0.0984375 0.2140625
2 0.23125 0.22265625 0.184375 0.1265625
2 0.36640625 0.20390625 0.284375 0.2265625
2 0.30546875 0.82265625 0.253125 0.2015625