17 0.234375 0.4484375 0.4125 0.1734375
17 0.621875 0.37734375 0.190625 0.203125
17 0.6828125 0.57890625 0.175 0.1203125
17 0.45546875 0.596875 0.225 0.1953125
17 0.4203125 0.08046875 0.159375 0.146875
17 0.13984375 0.0515625 0.2203125 0.1
17 0.52421875 0.778125 0.3046875 0.1578125
17 0.25 0.70234375 0.234375 0.165625
17 0.9 0.66796875 0.1859375 0.1421875
17 0.83359375 0.86328125 0.265625 0.0765625
17 0.7984375 0.515625 0.2421875 0.08125
17 0.34375 0.30078125 0.1296875 0.1875
17 0.1953125 0.29765625 0.109375 0.1640625