19 0.36640625 0.1078125 0.1609375 0.2109375
19 0.4953125 0.15546875 0.0859375 0.1140625
19 0.59921875 0.0734375 0.1484375 0.146875
19 0.7390625 0.30625 0.125 0.1796875
19 0.5046875 0.33125 0.1203125 0.1421875
19 0.32109375 0.51640625 0.1703125 0.2109375
19 0.4671875 0.4671875 0.15 0.2
19 0.3296875 0.67421875 0.11875 0.1484375
19 0.1921875 0.67265625 0.15 0.228125
19 0.32734375 0.8203125 0.121875 0.1546875
19 0.4703125 0.8234375 0.134375 0.1765625
19 0.60390625 0.44609375 0.11875 0.184375
19 0.5859375 0.6703125 0.121875 0.14375
19 0.13125 0.3984375 0.140625 0.1640625
19 0.0671875 0.68203125 0.134375 0.190625