2 0.60859375 0.43046875 0.1640625 0.24375
2 0.44453125 0.3703125 0.171875 0.38125
2 0.20703125 0.44765625 0.3515625 0.1828125
2 0.27734375 0.5765625 0.278125 0.090625
2 0.61796875 0.6 0.3234375 0.10625
2 0.434375 0.79375 0.1453125 0.3609375
2 0.68359375 0.71484375 0.3265625 0.1546875
2 0.79765625 0.14765625 0.1921875 0.2953125
2 0.53671875 0.06328125 0.3828125 0.1234375
2 0.1859375 0.146875 0.1171875 0.109375
2 0.34375 0.18125 0.1421875 0.0765625
2 0.31953125 0.04765625 0.2125 0.078125
2 0.146875 0.32890625 0.209375 0.0890625