25 0.51796875 0.6546875 0.353125 0.271875
25 0.27265625 0.69609375 0.2265625 0.1921875
25 0.2984375 0.54140625 0.23125 0.171875
25 0.4609375 0.44765625 0.2203125 0.178125
25 0.2671875 0.40625 0.259375 0.2046875
25 0.50546875 0.275 0.2765625 0.1796875
25 0.77890625 0.32578125 0.26875 0.2109375
25 0.7828125 0.89921875 0.159375 0.1234375
25 0.8671875 0.7984375 0.1484375 0.1140625
25 0.88984375 0.92421875 0.15625 0.1296875
25 0.4828125 0.8125 0.215625 0.1296875
25 0.603125 0.8734375 0.178125 0.1359375
25 0.275 0.90703125 0.2515625 0.1859375
25 0.72734375 0.484375 0.1515625 0.1578125
25 0.575 0.12265625 0.2453125 0.1734375