0 0.4046875 0.2296875 0.1015625 0.0921875
0 0.48125 0.27578125 0.109375 0.0625
0 0.37734375 0.27265625 0.0671875 0.046875
0 0.5 0.34375 0.1421875 0.0984375
0 0.38828125 0.325 0.09375 0.065625
0 0.303125 0.35546875 0.128125 0.0953125
0 0.43125 0.453125 0.1328125 0.140625
0 0.29375 0.4578125 0.1515625 0.09375
0 0.3734375 0.4953125 0.11875 0.1171875
0 0.45078125 0.53515625 0.053125 0.0546875
0 0.4 0.5828125 0.0859375 0.0578125
0 0.515625 0.584375 0.125 0.0703125
0 0.3890625 0.6625 0.1390625 0.14375
0 0.59765625 0.546875 0.1875 0.096875
0 0.71953125 0.6765625 0.1328125 0.10625
0 0.4875 0.79921875 0.1453125 0.125
0 0.6875 0.63359375 0.1734375 0.11875