25 0.66171875 0.5734375 0.2578125 0.1828125
25 0.43203125 0.571875 0.2046875 0.1609375
25 0.515625 0.425 0.1828125 0.1546875
25 0.3515625 0.4734375 0.175 0.1515625
25 0.53359375 0.51015625 0.1109375 0.071875
25 0.7109375 0.415625 0.1140625 0.090625
25 0.7203125 0.33828125 0.10625 0.0921875
25 0.60234375 0.35546875 0.1703125 0.128125
25 0.8625 0.39921875 0.190625 0.1625
25 0.71953125 0.21796875 0.1859375 0.1390625
25 0.4625 0.1890625 0.1953125 0.13125
25 0.2875 0.20078125 0.13125 0.1015625
25 0.09609375 0.20703125 0.1328125 0.115625
25 0.2875 0.37109375 0.14375 0.1015625
25 0.0453125 0.07265625 0.090625 0.0828125
25 0.12890625 0.09140625 0.0875 0.0734375
25 0.3515625 0.0578125 0.1625 0.115625