2 0.50546875 0.31953125 0.1578125 0.40625
2 0.3015625 0.58125 0.3796875 0.1125
2 0.25 0.47421875 0.4140625 0.1109375
2 0.73203125 0.590625 0.3953125 0.1203125
2 0.73828125 0.5078125 0.35 0.1015625
2 0.82265625 0.69921875 0.184375 0.25625
2 0.47265625 0.7234375 0.1515625 0.3328125
2 0.2265625 0.77890625 0.11875 0.184375
2 0.2015625 0.63671875 0.234375 0.2796875
2 0.2109375 0.33125 0.090625 0.1609375
2 0.20625 0.1328125 0.09375 0.1671875
2 0.3640625 0.20703125 0.1875 0.1125
2 0.7484375 0.178125 0.2109375 0.1
2 0.1015625 0.2578125 0.203125 0.071875
2 0.3375 0.33515625 0.1328125 0.0546875
2 0.70390625 0.29609375 0.2078125 0.109375
2 0.69375 0.39375 0.1125 0.0984375