2 0.31953125 0.50546875 0.40625 0.1578125
2 0.58125 0.3015625 0.1125 0.3796875
2 0.47421875 0.25 0.1109375 0.4140625
2 0.590625 0.73203125 0.1203125 0.3953125
2 0.5078125 0.73828125 0.1015625 0.35
2 0.69921875 0.82265625 0.25625 0.184375
2 0.7234375 0.47265625 0.3328125 0.1515625
2 0.77890625 0.2265625 0.184375 0.11875
2 0.63671875 0.2015625 0.2796875 0.234375
2 0.33125 0.2109375 0.1609375 0.090625
2 0.1328125 0.20625 0.1671875 0.09375
2 0.20703125 0.3640625 0.1125 0.1875
2 0.178125 0.7484375 0.1 0.2109375
2 0.2578125 0.1015625 0.071875 0.203125
2 0.33515625 0.3375 0.0546875 0.1328125
2 0.29609375 0.70390625 0.109375 0.2078125
2 0.39375 0.69375 0.0984375 0.1125