25 0.2734375 0.515625 0.2265625 0.31875
25 0.49375 0.30078125 0.2 0.303125
25 0.5390625 0.64453125 0.20625 0.3015625
25 0.6875 0.46640625 0.190625 0.3015625
25 0.80546875 0.853125 0.1203125 0.15625
25 0.9265625 0.61015625 0.146875 0.1953125
25 0.93515625 0.8828125 0.1296875 0.196875
25 0.59921875 0.8546875 0.0671875 0.0953125
25 0.67421875 0.84921875 0.0765625 0.096875
25 0.72265625 0.278125 0.165625 0.1515625
25 0.59921875 0.19609375 0.13125 0.159375
25 0.26328125 0.7671875 0.1171875 0.1609375
25 0.0953125 0.83671875 0.0953125 0.1484375
25 0.43515625 0.89296875 0.0828125 0.121875