2 0.79140625 0.84765625 0.35625 0.2859375
2 0.51953125 0.88671875 0.1796875 0.0859375
2 0.38671875 0.8546875 0.090625 0.08125
2 0.25546875 0.90703125 0.1796875 0.0859375
2 0.125 0.80546875 0.096875 0.1296875
2 0.24140625 0.784375 0.0984375 0.1125
2 0.475 0.64375 0.1765625 0.1875
2 0.60078125 0.43125 0.1265625 0.190625
2 0.6375 0.55859375 0.159375 0.0765625
2 0.484375 0.5046875 0.1296875 0.065625
2 0.3390625 0.50859375 0.2203125 0.1015625
2 0.21796875 0.34765625 0.2640625 0.128125
2 0.246875 0.3984375 0.0609375 0.096875
2 0.08515625 0.565625 0.0984375 0.146875
2 0.23203125 0.5984375 0.0828125 0.1171875
2 0.1171875 0.66875 0.13125 0.1921875
2 0.3546875 0.67265625 0.159375 0.1140625
2 0.896875 0.2078125 0.20625 0.1984375
2 0.8078125 0.22578125 0.1203125 0.165625
2 0.74453125 0.1203125 0.175 0.1203125
2 0.67578125 0.23984375 0.1890625 0.0984375