25 0.67734375 0.48203125 0.20625 0.2578125
25 0.4515625 0.67265625 0.1609375 0.265625
25 0.32109375 0.54375 0.14375 0.253125
25 0.3609375 0.328125 0.1296875 0.2078125
25 0.42109375 0.4703125 0.084375 0.096875
25 0.48125 0.296875 0.15625 0.2453125
25 0.49765625 0.4671875 0.0703125 0.0859375
25 0.61015625 0.29140625 0.1375 0.2078125
25 0.371875 0.15390625 0.1171875 0.175
25 0.2609375 0.146875 0.159375 0.2375
25 0.15703125 0.2828125 0.096875 0.1671875
25 0.09296875 0.15859375 0.109375 0.1609375
25 0.1046875 0.3875 0.1234375 0.209375