2 0.45078125 0.4328125 0.0625 0.1265625
2 0.43671875 0.3578125 0.084375 0.1625
2 0.58984375 0.49765625 0.26875 0.0734375
2 0.41953125 0.55546875 0.06875 0.1359375
2 0.29921875 0.465625 0.225 0.0640625
2 0.24140625 0.5421875 0.0515625 0.1171875
2 0.4546875 0.63671875 0.078125 0.215625
2 0.2203125 0.75234375 0.0984375 0.1
2 0.146875 0.67578125 0.15625 0.053125
2 0.26171875 0.64921875 0.053125 0.078125
2 0.37578125 0.7390625 0.146875 0.09375
2 0.60625 0.82890625 0.1921875 0.059375
2 0.353125 0.91953125 0.14375 0.1609375
2 0.6953125 0.93671875 0.0796875 0.1265625
2 0.8328125 0.93046875 0.190625 0.1390625
2 0.63046875 0.54609375 0.25 0.0546875
2 0.740625 0.73828125 0.096875 0.1359375
2 0.471875 0.9296875 0.178125 0.084375
2 0.565625 0.74453125 0.109375 0.0359375