2 0.63515625 0.46640625 0.2109375 0.0859375
2 0.4921875 0.6 0.0671875 0.2828125
2 0.41796875 0.46171875 0.10625 0.065625
2 0.36171875 0.44921875 0.178125 0.084375
2 0.4625 0.315625 0.0625 0.2390625
2 0.54921875 0.434375 0.1390625 0.0671875
2 0.540625 0.62109375 0.0625 0.2921875
2 0.5796875 0.6015625 0.0515625 0.203125
2 0.7015625 0.42265625 0.1765625 0.071875
2 0.5703125 0.29140625 0.109375 0.234375
2 0.54296875 0.2484375 0.11875 0.05
2 0.9203125 0.36328125 0.159375 0.1421875
2 0.928125 0.8390625 0.14375 0.196875
2 0.9390625 0.71015625 0.121875 0.0890625
2 0.8328125 0.6140625 0.05625 0.1921875
2 0.7796875 0.309375 0.121875 0.0546875
2 0.74921875 0.22734375 0.1 0.09375
2 0.675 0.1625 0.046875 0.1734375