2 0.6375 0.71953125 0.2703125 0.3625
2 0.37265625 0.72734375 0.2453125 0.3640625
2 0.37734375 0.31171875 0.234375 0.3859375
2 0.675 0.3421875 0.309375 0.3375
2 0.73515625 0.6140625 0.296875 0.190625
2 0.828125 0.528125 0.1703125 0.2578125
2 0.87421875 0.31484375 0.1828125 0.1828125
2 0.9015625 0.10859375 0.196875 0.2171875
2 0.590625 0.21171875 0.240625 0.1421875
2 0.565625 0.1078125 0.225 0.1078125
2 0.8296875 0.525 0.1640625 0.271875
2 0.50078125 0.84375 0.184375 0.1046875
2 0.8375 0.81875 0.184375 0.209375