19 0.55546875 0.52265625 0.159375 0.1171875
19 0.15546875 0.6015625 0.153125 0.1265625
19 0.3171875 0.6265625 0.1546875 0.109375
19 0.7265625 0.64609375 0.1375 0.1140625
19 0.759375 0.4578125 0.1 0.075
19 0.14921875 0.49609375 0.165625 0.0890625
19 0.1203125 0.38203125 0.11875 0.084375
19 0.21640625 0.3671875 0.08125 0.059375
19 0.85703125 0.31640625 0.1359375 0.08125
19 0.76875 0.56484375 0.1296875 0.0484375
19 0.7296875 0.38671875 0.1078125 0.0703125
19 0.46875 0.203125 0.071875 0.053125
19 0.371875 0.2421875 0.1 0.0703125
19 0.31015625 0.19609375 0.0859375 0.0609375
19 0.29140625 0.30703125 0.1 0.0671875
19 0.66171875 0.90625 0.1328125 0.103125
19 0.525 0.9046875 0.0953125 0.084375