2 0.596875 0.5109375 0.4234375 0.1875
2 0.4640625 0.225 0.209375 0.4125
2 0.32734375 0.31640625 0.10625 0.296875
2 0.18984375 0.4625 0.2375 0.190625
2 0.2890625 0.8859375 0.3609375 0.215625
2 0.7125 0.63203125 0.3375 0.153125
2 0.88515625 0.23203125 0.225 0.2375
2 0.32265625 0.66484375 0.0890625 0.3140625
2 0.753125 0.17109375 0.08125 0.3015625
2 0.60546875 0.82890625 0.1921875 0.075
2 0.28515625 0.10625 0.19375 0.1640625
2 0.15390625 0.275 0.0875 0.209375
2 0.65078125 0.1046875 0.0859375 0.2046875
2 0.82109375 0.440625 0.1296875 0.1828125
2 0.4359375 0.76484375 0.159375 0.465625
2 0.0828125 0.69296875 0.14375 0.38125