2 0.3671875 0.45703125 0.39375 0.184375
2 0.6015625 0.621875 0.103125 0.3203125
2 0.790625 0.4375 0.35625 0.1515625
2 0.70859375 0.671875 0.15625 0.3375
2 0.5734375 0.28125 0.0953125 0.275
2 0.4453125 0.2078125 0.1953125 0.35
2 0.83203125 0.78515625 0.190625 0.221875
2 0.82109375 0.221875 0.171875 0.2828125
2 0.14453125 0.8171875 0.2890625 0.2046875
2 0.05859375 0.56484375 0.1171875 0.3984375
2 0.03828125 0.33671875 0.0765625 0.221875
2 0.140625 0.19609375 0.1171875 0.11875
2 0.16953125 0.35546875 0.0671875 0.1515625
2 0.221875 0.190625 0.053125 0.1578125
2 0.31875 0.15546875 0.084375 0.19375
2 0.425 0.61484375 0.2234375 0.16875
2 0.5171875 0.79765625 0.1140625 0.0984375