19 0.22109375 0.08515625 0.090625 0.1125
19 0.23125 0.24140625 0.0953125 0.1234375
19 0.35 0.178125 0.0953125 0.1078125
19 0.359375 0.378125 0.103125 0.1421875
19 0.4140625 0.54453125 0.1015625 0.1515625
19 0.45 0.209375 0.1109375 0.1609375
19 0.5546875 0.25 0.06875 0.08125
19 0.55078125 0.37421875 0.0859375 0.096875
19 0.61171875 0.228125 0.1109375 0.1484375
19 0.7 0.48359375 0.103125 0.1328125
19 0.69375 0.59375 0.0828125 0.090625
19 0.6890625 0.703125 0.075 0.10625
19 0.5828125 0.7390625 0.090625 0.134375
19 0.6015625 0.46328125 0.1078125 0.1359375
19 0.4859375 0.6390625 0.096875 0.1140625
19 0.39453125 0.725 0.08125 0.103125
19 0.81640625 0.58828125 0.0859375 0.11875
19 0.90859375 0.9390625 0.0796875 0.1125
19 0.88125 0.7109375 0.0671875 0.0828125
19 0.8375 0.215625 0.0640625 0.0875
19 0.7453125 0.88125 0.059375 0.0890625