2 0.5390625 0.5859375 0.28125 0.13125
2 0.32578125 0.38125 0.0734375 0.3359375
2 0.371875 0.76171875 0.1 0.3265625
2 0.26796875 0.815625 0.2515625 0.1703125
2 0.2390625 0.6828125 0.0984375 0.0546875
2 0.26953125 0.41171875 0.1421875 0.28125
2 0.1296875 0.49453125 0.1265625 0.140625
2 0.15703125 0.1984375 0.115625 0.2515625
2 0.27109375 0.2421875 0.1046875 0.2140625
2 0.23125 0.0890625 0.1453125 0.090625
2 0.396875 0.1109375 0.071875 0.18125
2 0.55078125 0.1171875 0.196875 0.2015625
2 0.55546875 0.36328125 0.1859375 0.1796875
2 0.45078125 0.89296875 0.1296875 0.1921875
2 0.41640625 0.46875 0.1296875 0.16875
2 0.775 0.43125 0.1046875 0.071875