2 0.590625 0.58046875 0.1296875 0.275
2 0.46171875 0.76015625 0.2078125 0.0796875
2 0.55546875 0.8328125 0.1265625 0.109375
2 0.690625 0.76015625 0.2140625 0.065625
2 0.8671875 0.76640625 0.1640625 0.221875
2 0.71796875 0.878125 0.2703125 0.09375
2 0.821875 0.5109375 0.053125 0.125
2 0.65859375 0.43125 0.125 0.259375
2 0.74453125 0.2640625 0.0875 0.2
2 0.90859375 0.3625 0.1828125 0.06875
2 0.34609375 0.284375 0.203125 0.203125
2 0.3046875 0.409375 0.2375 0.0578125
2 0.2515625 0.46328125 0.19375 0.0765625
2 0.3625 0.44375 0.0515625 0.09375
2 0.5203125 0.35390625 0.1421875 0.109375
2 0.36875 0.628125 0.3234375 0.1625
2 0.1140625 0.58515625 0.171875 0.15625
2 0.27734375 0.7375 0.1234375 0.1296875
2 0.4625 0.5015625 0.121875 0.04375
2 0.42578125 0.5671875 0.1609375 0.0453125
2 0.4765625 0.17734375 0.0953125 0.190625