17 0.934375 0.41015625 0.13125 0.178125
17 0.95546875 0.1140625 0.0875 0.228125
17 0.71640625 0.16953125 0.1890625 0.1171875
17 0.715625 0.33125 0.25625 0.14375
17 0.52109375 0.25 0.190625 0.5
17 0.59453125 0.63671875 0.234375 0.2078125
17 0.4640625 0.81796875 0.0921875 0.265625
17 0.39140625 0.68046875 0.1375 0.203125
17 0.37265625 0.446875 0.2203125 0.2390625
17 0.2828125 0.25 0.15625 0.2421875
17 0.30703125 0.91015625 0.1578125 0.1796875
17 0.1046875 0.8453125 0.0734375 0.2703125
17 0.2109375 0.4953125 0.159375 0.3515625
17 0.91875 0.92265625 0.1328125 0.1546875