17 0.5875 0.06328125 0.1875 0.1265625
17 0.884375 0.0359375 0.228125 0.071875
17 0.6703125 0.28203125 0.153125 0.2578125
17 0.8328125 0.28125 0.1171875 0.19375
17 0.36015625 0.4046875 0.2109375 0.2359375
17 0.76796875 0.4765625 0.4640625 0.1890625
17 0.18203125 0.53828125 0.265625 0.090625
17 0.31015625 0.61484375 0.196875 0.134375
17 0.55390625 0.62734375 0.2390625 0.2234375
17 0.75546875 0.715625 0.2390625 0.159375
17 0.08984375 0.69921875 0.1796875 0.1625
17 0.159375 0.8984375 0.2765625 0.078125
17 0.5046875 0.78671875 0.34375 0.1578125