19 0.553125 0.41171875 0.1859375 0.1484375
19 0.68515625 0.084375 0.1875 0.1609375
19 0.20390625 0.26953125 0.209375 0.165625
19 0.16171875 0.13828125 0.1734375 0.1375
19 0.49609375 0.21875 0.1609375 0.1296875
19 0.6484375 0.26875 0.1359375 0.10625
19 0.86171875 0.3328125 0.1828125 0.1265625
19 0.8921875 0.67265625 0.1515625 0.1234375
19 0.6 0.68671875 0.1578125 0.1078125
19 0.596875 0.77734375 0.153125 0.0953125
19 0.321875 0.46171875 0.1453125 0.1328125
19 0.4515625 0.48125 0.1015625 0.0703125
19 0.1015625 0.45625 0.1453125 0.1390625
19 0.4703125 0.59609375 0.16875 0.13125
19 0.346875 0.67265625 0.1046875 0.0734375
19 0.88359375 0.79765625 0.125 0.075
19 0.7671875 0.56484375 0.146875 0.1