19 0.91796875 0.26171875 0.1171875 0.140625
19 0.86171875 0.11796875 0.1203125 0.1609375
19 0.7890625 0.4125 0.059375 0.071875
19 0.7765625 0.25078125 0.05625 0.0734375
19 0.578125 0.40625 0.1546875 0.2078125
19 0.63828125 0.61015625 0.115625 0.15
19 0.515625 0.72265625 0.0890625 0.11875
19 0.48828125 0.8203125 0.0828125 0.1265625
19 0.36484375 0.87109375 0.0765625 0.121875
19 0.440625 0.74765625 0.046875 0.0671875
19 0.4890625 0.615625 0.071875 0.0953125
19 0.3453125 0.66953125 0.10625 0.15
19 0.365625 0.53046875 0.0546875 0.0796875
19 0.35625 0.45390625 0.0625 0.0703125
19 0.41015625 0.36953125 0.0703125 0.0890625
19 0.25546875 0.9234375 0.084375 0.1359375
19 0.234375 0.73828125 0.090625 0.1234375
19 0.20234375 0.5046875 0.0921875 0.1296875
19 0.31640625 0.4 0.065625 0.0828125
19 0.2359375 0.3796875 0.0515625 0.06875
19 0.2421875 0.29453125 0.05 0.08125
19 0.18828125 0.2890625 0.053125 0.078125
19 0.33984375 0.2921875 0.0765625 0.125