2 0.56953125 0.19296875 0.1515625 0.3671875
2 0.38515625 0.3890625 0.325 0.103125
2 0.32734375 0.28125 0.346875 0.153125
2 0.15703125 0.0765625 0.0015625 0.00625
2 0.21171875 0.15703125 0.2203125 0.2
2 0.4046875 0.0875 0.1453125 0.096875
2 0.7671875 0.1671875 0.2859375 0.1640625
2 0.5578125 0.62265625 0.1734375 0.396875
2 0.725 0.41328125 0.28125 0.096875
2 0.80390625 0.54296875 0.3328125 0.184375
2 0.1984375 0.85 0.1890625 0.2984375
2 0.46328125 0.9328125 0.36875 0.128125
2 0.80390625 0.840625 0.125 0.1140625
2 0.65859375 0.81328125 0.146875 0.071875
2 0.39765625 0.56015625 0.171875 0.2421875
2 0.675 0.9453125 0.228125 0.0890625
2 0.8515625 0.665625 0.2078125 0.0875
2 0.20859375 0.46875 0.0875 0.115625