2 0.5 0.51640625 0.125 0.315625
2 0.72578125 0.4328125 0.359375 0.1046875
2 0.71953125 0.26796875 0.396875 0.090625
2 0.3171875 0.2359375 0.30625 0.1
2 0.52265625 0.15859375 0.1109375 0.215625
2 0.2859375 0.44609375 0.31875 0.128125
2 0.240625 0.4140625 0.071875 0.121875
2 0.21171875 0.2859375 0.0875 0.128125
2 0.4328125 0.634375 0.1046875 0.2640625
2 0.1234375 0.628125 0.190625 0.071875
2 0.2453125 0.58984375 0.075 0.13125
2 0.39140625 0.73515625 0.2015625 0.1421875
2 0.17890625 0.72109375 0.1328125 0.11875
2 0.3125 0.9015625 0.2296875 0.196875
2 0.64453125 0.8625 0.2515625 0.0953125
2 0.87109375 0.85 0.134375 0.146875
2 0.4859375 0.73359375 0.0609375 0.1296875