19 0.08515625 0.678125 0.1609375 0.1921875
19 0.13828125 0.16015625 0.1453125 0.1734375
19 0.2734375 0.2015625 0.165625 0.2109375
19 0.340625 0.30234375 0.103125 0.1296875
19 0.22109375 0.49375 0.1328125 0.1625
19 0.26875 0.64375 0.109375 0.1359375
19 0.41328125 0.55390625 0.1484375 0.1875
19 0.48359375 0.45078125 0.06875 0.103125
19 0.4640625 0.3234375 0.1328125 0.146875
19 0.5984375 0.47265625 0.13125 0.16875
19 0.6875 0.6046875 0.1078125 0.159375
19 0.77890625 0.60234375 0.096875 0.15625
19 0.4609375 0.1 0.1390625 0.1421875
19 0.33125 0.85703125 0.128125 0.184375
19 0.67109375 0.90703125 0.125 0.1734375