25 0.51171875 0.72578125 0.315625 0.2234375
25 0.64375 0.4640625 0.3015625 0.20625
25 0.30390625 0.50625 0.2984375 0.2
25 0.46875 0.31484375 0.296875 0.190625
25 0.196875 0.4 0.1578125 0.128125
25 0.28125 0.27890625 0.146875 0.1640625
25 0.22421875 0.33515625 0.0859375 0.0546875
25 0.09921875 0.33984375 0.0640625 0.0546875
25 0.0515625 0.30546875 0.103125 0.1109375
25 0.11171875 0.4640625 0.140625 0.1484375
25 0.85078125 0.403125 0.09375 0.0640625
25 0.846875 0.3296875 0.096875 0.075
25 0.68359375 0.32109375 0.1359375 0.090625
25 0.85 0.1984375 0.1546875 0.11875
25 0.61015625 0.075 0.1921875 0.15
25 0.88203125 0.06796875 0.1953125 0.1359375