25 0.66171875 0.5859375 0.2546875 0.18125
25 0.43046875 0.58515625 0.203125 0.1546875
25 0.53046875 0.52421875 0.109375 0.06875
25 0.45078125 0.509375 0.1 0.0609375
25 0.51171875 0.43984375 0.1828125 0.153125
25 0.35 0.48671875 0.175 0.15
25 0.70625 0.42734375 0.115625 0.0890625
25 0.715625 0.3515625 0.1046875 0.090625
25 0.8578125 0.41015625 0.190625 0.1625
25 0.596875 0.36796875 0.16875 0.1265625
25 0.71328125 0.22890625 0.184375 0.1375
25 0.45859375 0.20078125 0.19375 0.1265625
25 0.28359375 0.21328125 0.13125 0.0984375
25 0.3953125 0.2390625 0.1015625 0.071875
25 0.09296875 0.22109375 0.1296875 0.1140625
25 0.28515625 0.38359375 0.140625 0.0984375
25 0.0453125 0.0875 0.0890625 0.0828125
25 0.12265625 0.103125 0.0828125 0.071875
25 0.20546875 0.096875 0.0671875 0.0625
25 0.346875 0.0625 0.159375 0.1203125