2 0.43046875 0.80703125 0.1515625 0.3671875
2 0.61484375 0.6109375 0.325 0.103125
2 0.67265625 0.71875 0.346875 0.153125
2 0.84296875 0.9234375 0.0015625 0.00625
2 0.78828125 0.84296875 0.2203125 0.2
2 0.5953125 0.9125 0.1453125 0.096875
2 0.2328125 0.8328125 0.2859375 0.1640625
2 0.4421875 0.37734375 0.1734375 0.396875
2 0.275 0.58671875 0.28125 0.096875
2 0.19609375 0.45703125 0.3328125 0.184375
2 0.8015625 0.15 0.1890625 0.2984375
2 0.53671875 0.0671875 0.36875 0.128125
2 0.19609375 0.159375 0.125 0.1140625
2 0.34140625 0.18671875 0.146875 0.071875
2 0.60234375 0.43984375 0.171875 0.2421875
2 0.325 0.0546875 0.228125 0.0890625
2 0.1484375 0.334375 0.2078125 0.0875
2 0.79140625 0.53125 0.0875 0.115625