2 0.50234375 0.58828125 0.0875 0.221875
2 0.64375 0.4296875 0.2546875 0.0640625
2 0.67265625 0.5140625 0.2625 0.0796875
2 0.37265625 0.3984375 0.1953125 0.0640625
2 0.628125 0.825 0.1828125 0.071875
2 0.859375 0.93359375 0.18125 0.1328125
2 0.721875 0.9390625 0.0890625 0.121875
2 0.36796875 0.88203125 0.1578125 0.1765625
2 0.4734375 0.9328125 0.2140625 0.071875
2 0.14921875 0.89609375 0.134375 0.15625
2 0.428125 0.7390625 0.1734375 0.109375
2 0.26171875 0.73203125 0.0953125 0.0953125
2 0.2140625 0.66015625 0.1359375 0.0625
2 0.33984375 0.52734375 0.2171875 0.096875
2 0.78125 0.765625 0.1078125 0.1453125