19 0.14453125 0.4125 0.1484375 0.115625
19 0.31171875 0.459375 0.1828125 0.125
19 0.0890625 0.51015625 0.1640625 0.1171875
19 0.11171875 0.63984375 0.1609375 0.1171875
19 0.2953125 0.6296875 0.1453125 0.109375
19 0.46015625 0.621875 0.2140625 0.15625
19 0.66015625 0.6015625 0.134375 0.1109375
19 0.64296875 0.50078125 0.1421875 0.121875
19 0.4921875 0.46953125 0.1375 0.1046875
19 0.8296875 0.43984375 0.159375 0.1296875
19 0.87265625 0.59453125 0.2203125 0.1671875
19 0.74609375 0.7265625 0.1140625 0.096875
19 0.88828125 0.778125 0.1140625 0.1171875
19 0.2984375 0.80390625 0.1515625 0.128125
19 0.50859375 0.91796875 0.1546875 0.1390625
19 0.77421875 0.9 0.184375 0.1390625
19 0.91875 0.9171875 0.1265625 0.1296875
19 0.55546875 0.74921875 0.109375 0.1015625