19 0.425 0.11640625 0.2 0.1625
19 0.29296875 0.17421875 0.1671875 0.1421875
19 0.125 0.05390625 0.1375 0.103125
19 0.18515625 0.27265625 0.159375 0.1125
19 0.38828125 0.4671875 0.2171875 0.165625
19 0.68671875 0.46875 0.1796875 0.146875
19 0.5546875 0.40234375 0.103125 0.0890625
19 0.5875 0.30078125 0.175 0.1359375
19 0.78671875 0.30625 0.178125 0.1359375
19 0.5890625 0.7375 0.1421875 0.125
19 0.696875 0.80078125 0.1296875 0.125
19 0.07890625 0.659375 0.1578125 0.134375
19 0.16015625 0.44921875 0.14375 0.1046875
19 0.81328125 0.5671875 0.0984375 0.0890625
19 0.71796875 0.628125 0.1125 0.109375
19 0.40703125 0.253125 0.1421875 0.109375
19 0.21015625 0.83984375 0.1875 0.1734375
19 0.40625 0.91640625 0.1296875 0.1359375