2 0.46796875 0.42421875 0.15625 0.3375
2 0.70625 0.3578125 0.3515625 0.1875
2 0.61796875 0.21015625 0.24375 0.1
2 0.334375 0.20546875 0.2421875 0.0796875
2 0.13125 0.19453125 0.2046875 0.271875
2 0.29765625 0.06015625 0.315625 0.1078125
2 0.215625 0.325 0.3859375 0.1703125
2 0.3734375 0.58046875 0.15 0.303125
2 0.18359375 0.4921875 0.0703125 0.153125
2 0.05234375 0.55 0.1046875 0.175
2 0.0953125 0.6625 0.190625 0.0765625
2 0.71640625 0.7484375 0.221875 0.2234375
2 0.76953125 0.61015625 0.2625 0.0671875
2 0.5265625 0.6703125 0.1640625 0.1203125
2 0.82109375 0.54453125 0.2015625 0.0890625
2 0.79765625 0.23359375 0.146875 0.1578125
2 0.55390625 0.84609375 0.10625 0.196875
2 0.265625 0.76640625 0.10625 0.215625
2 0.5 0.12421875 0.1453125 0.14375