17 0.35859375 0.14609375 0.1890625 0.1921875
17 0.6734375 0.11171875 0.1609375 0.1328125
17 0.7828125 0.09765625 0.2703125 0.1625
17 0.43359375 0.26328125 0.2234375 0.2671875
17 0.65703125 0.26953125 0.128125 0.1328125
17 0.14765625 0.45 0.25625 0.0953125
17 0.41484375 0.421875 0.190625 0.1359375
17 0.35 0.609375 0.15 0.2484375
17 0.171875 0.56796875 0.1984375 0.1890625
17 0.62734375 0.48671875 0.21875 0.16875
17 0.5796875 0.346875 0.2234375 0.15
17 0.87421875 0.42421875 0.2515625 0.11875
17 0.9 0.8734375 0.1265625 0.23125
17 0.69921875 0.6921875 0.25 0.378125