2 0.46484375 0.540625 0.3140625 0.121875
2 0.54921875 0.296875 0.10625 0.35
2 0.7078125 0.32578125 0.090625 0.39375
2 0.81875 0.51484375 0.228125 0.1234375
2 0.74609375 0.72109375 0.0984375 0.2984375
2 0.571875 0.784375 0.125 0.0671875
2 0.54140625 0.74453125 0.1234375 0.3125
2 0.2625 0.62578125 0.14375 0.190625
2 0.27109375 0.83828125 0.1203125 0.1421875
2 0.36328125 0.896875 0.0734375 0.1796875
2 0.39609375 0.77265625 0.1265625 0.075
2 0.128125 0.3703125 0.096875 0.24375
2 0.21484375 0.171875 0.1765625 0.1375
2 0.13984375 0.1375 0.14375 0.125
2 0.090625 0.728125 0.18125 0.228125
2 0.7015625 0.8078125 0.121875 0.0953125
2 0.25625 0.53359375 0.128125 0.0578125