19 0.26015625 0.7640625 0.165625 0.2078125
19 0.4484375 0.875 0.1375 0.1390625
19 0.12734375 0.809375 0.1453125 0.178125
19 0.21328125 0.475 0.13125 0.1640625
19 0.08125 0.284375 0.159375 0.1984375
19 0.265625 0.3234375 0.1078125 0.1359375
19 0.328125 0.1125 0.1265625 0.1828125
19 0.40625 0.42109375 0.1484375 0.1828125
19 0.47578125 0.52734375 0.0703125 0.1015625
19 0.45390625 0.65625 0.134375 0.1453125
19 0.59296875 0.51015625 0.1296875 0.165625
19 0.68046875 0.38125 0.1125 0.1578125
19 0.77265625 0.3890625 0.1015625 0.15625
19 0.6859375 0.22109375 0.1140625 0.1765625
19 0.33359375 0.6703125 0.0984375 0.13125
19 0.5640625 0.215625 0.1 0.1453125