19 0.10390625 0.57109375 0.0671875 0.075
19 0.18515625 0.671875 0.0875 0.1125
19 0.2703125 0.65 0.1046875 0.134375
19 0.3234375 0.59921875 0.071875 0.090625
19 0.409375 0.5875 0.0953125 0.1
19 0.42265625 0.50078125 0.0515625 0.071875
19 0.490625 0.484375 0.0953125 0.1140625
19 0.4015625 0.7421875 0.09375 0.10625
19 0.35546875 0.86640625 0.0703125 0.1109375
19 0.46875 0.9421875 0.0625 0.1015625
19 0.54296875 0.8796875 0.065625 0.09375
19 0.6109375 0.60390625 0.0625 0.0828125
19 0.60078125 0.50234375 0.08125 0.096875
19 0.6453125 0.40078125 0.0765625 0.1140625
19 0.6796875 0.29921875 0.0765625 0.0984375
19 0.7296875 0.178125 0.0671875 0.096875
19 0.5890625 0.27890625 0.0921875 0.1328125
19 0.5625 0.3984375 0.084375 0.1140625
19 0.46953125 0.053125 0.0765625 0.10625
19 0.30546875 0.11953125 0.08125 0.1234375
19 0.2375 0.12109375 0.0671875 0.0984375
19 0.18046875 0.34375 0.103125 0.125
19 0.25703125 0.46796875 0.084375 0.1078125
19 0.303125 0.36953125 0.0734375 0.09375
19 0.371875 0.4296875 0.1015625 0.1296875