9 0.56953125 0.24609375 0.1140625 0.171875
9 0.52578125 0.4078125 0.146875 0.121875
9 0.56796875 0.54296875 0.14375 0.1640625
9 0.6796875 0.35 0.1484375 0.125
9 0.734375 0.4640625 0.18125 0.1578125
9 0.75390625 0.615625 0.1578125 0.159375
9 0.628125 0.64921875 0.1234375 0.1828125
9 0.40625 0.42890625 0.0671875 0.1375
9 0.35078125 0.46328125 0.0671875 0.1375
9 0.3234375 0.51796875 0.0703125 0.1078125
9 0.3109375 0.6203125 0.078125 0.09375
9 0.3796875 0.6125 0.065625 0.0984375
9 0.4078125 0.575 0.075 0.1046875
9 0.45390625 0.53984375 0.0921875 0.1015625