17 0.58984375 0.065625 0.178125 0.13125
17 0.8859375 0.04453125 0.228125 0.0875
17 0.83046875 0.28359375 0.1171875 0.1890625
17 0.66875 0.284375 0.14375 0.25625
17 0.75 0.47890625 0.5 0.190625
17 0.36328125 0.40546875 0.2078125 0.234375
17 0.18203125 0.5359375 0.265625 0.0921875
17 0.31953125 0.60859375 0.203125 0.1375
17 0.553125 0.62734375 0.2390625 0.2203125
17 0.75 0.7171875 0.2421875 0.15625
17 0.08984375 0.69296875 0.1796875 0.1578125
17 0.1546875 0.8953125 0.2703125 0.0734375
17 0.5046875 0.7890625 0.3515625 0.159375
17 0.07734375 0.08125 0.1546875 0.1328125