2 0.79140625 0.15234375 0.35625 0.2859375
2 0.51953125 0.11328125 0.1796875 0.0859375
2 0.38671875 0.1453125 0.090625 0.08125
2 0.25546875 0.09296875 0.1796875 0.0859375
2 0.125 0.19453125 0.096875 0.1296875
2 0.24140625 0.215625 0.0984375 0.1125
2 0.475 0.35625 0.1765625 0.1875
2 0.60078125 0.56875 0.1265625 0.190625
2 0.6375 0.44140625 0.159375 0.0765625
2 0.484375 0.4953125 0.1296875 0.065625
2 0.3390625 0.49140625 0.2203125 0.1015625
2 0.21796875 0.65234375 0.2640625 0.128125
2 0.246875 0.6015625 0.0609375 0.096875
2 0.08515625 0.434375 0.0984375 0.146875
2 0.23203125 0.4015625 0.0828125 0.1171875
2 0.1171875 0.33125 0.13125 0.1921875
2 0.3546875 0.32734375 0.159375 0.1140625
2 0.896875 0.7921875 0.20625 0.1984375
2 0.8078125 0.77421875 0.1203125 0.165625
2 0.74453125 0.8796875 0.175 0.1203125
2 0.67578125 0.76015625 0.1890625 0.0984375