25 0.54140625 0.34609375 0.38125 0.2703125
25 0.4375 0.575 0.2640625 0.190625
25 0.7234375 0.56796875 0.2703125 0.175
25 0.55625 0.74453125 0.3375 0.1953125
25 0.28203125 0.4984375 0.2765625 0.2234375
25 0.390625 0.259375 0.2359375 0.1875
25 0.59765625 0.14921875 0.2390625 0.2109375
25 0.9078125 0.8609375 0.140625 0.10625
25 0.7703125 0.80546875 0.14375 0.1140625
25 0.8015625 0.9203125 0.171875 0.125
25 0.06796875 0.778125 0.1203125 0.1
25 0.31484375 0.9109375 0.096875 0.0796875
25 0.075 0.2015625 0.1484375 0.1390625