2 0.43125 0.4578125 0.3359375 0.159375
2 0.3578125 0.69296875 0.1859375 0.3484375
2 0.2140625 0.6125 0.1015625 0.2375
2 0.209375 0.32890625 0.08125 0.253125
2 0.20078125 0.1234375 0.2765625 0.2046875
2 0.3296875 0.196875 0.159375 0.3796875
2 0.7578125 0.70703125 0.2171875 0.2234375
2 0.5859375 0.3625 0.3 0.1515625
2 0.665625 0.08203125 0.075 0.1625
2 0.77109375 0.25625 0.2140625 0.1046875
2 0.4953125 0.171875 0.15625 0.0734375
2 0.2375 0.79375 0.1421875 0.1359375
2 0.14765625 0.65 0.0765625 0.1796875
2 0.38984375 0.934375 0.1328125 0.13125
2 0.6140625 0.759375 0.071875 0.2515625
2 0.8453125 0.54375 0.2078125 0.115625
2 0.54921875 0.04609375 0.1671875 0.090625
2 0.059375 0.290625 0.1015625 0.3125
2 0.58125 0.59140625 0.075 0.0640625