2 0.48359375 0.5 0.315625 0.125
2 0.5671875 0.27421875 0.1046875 0.359375
2 0.73203125 0.28046875 0.090625 0.396875
2 0.7640625 0.6828125 0.1 0.30625
2 0.84140625 0.47734375 0.215625 0.1109375
2 0.55390625 0.7140625 0.128125 0.31875
2 0.5859375 0.759375 0.121875 0.071875
2 0.7140625 0.78828125 0.128125 0.0875
2 0.365625 0.5671875 0.2640625 0.1046875
2 0.371875 0.8765625 0.071875 0.190625
2 0.41015625 0.7546875 0.13125 0.075
2 0.26484375 0.60859375 0.1421875 0.2015625
2 0.27890625 0.82109375 0.11875 0.1328125
2 0.0984375 0.6875 0.196875 0.2296875
2 0.1375 0.35546875 0.0953125 0.2515625
2 0.15 0.12890625 0.146875 0.134375
2 0.26640625 0.5140625 0.1296875 0.0609375