2 0.35546875 0.43671875 0.175 0.078125
2 0.52421875 0.35234375 0.1734375 0.190625
2 0.40078125 0.5671875 0.125 0.1875
2 0.2078125 0.14921875 0.359375 0.290625
2 0.48125 0.11171875 0.1734375 0.084375
2 0.64453125 0.4875 0.2578125 0.1015625
2 0.91328125 0.428125 0.0953125 0.1421875
2 0.76484375 0.40546875 0.075 0.1296875
2 0.871875 0.19375 0.09375 0.1265625
2 0.7421875 0.08828125 0.18125 0.0859375
2 0.75859375 0.2140625 0.09375 0.1171875
2 0.61328125 0.14140625 0.090625 0.0796875
2 0.78203125 0.64765625 0.2640625 0.1328125
2 0.10390625 0.79140625 0.2078125 0.1984375
2 0.18984375 0.7734375 0.1359375 0.165625
2 0.25625 0.8796875 0.1828125 0.11875
2 0.134375 0.89296875 0.0640625 0.0875
2 0.32890625 0.75859375 0.1953125 0.1
2 0.1625 0.63828125 0.19375 0.1359375