4 0.51015625 0.71796875 0.2375 0.3625
4 0.753125 0.5625 0.4171875 0.1609375
4 0.521875 0.35546875 0.21875 0.365625
4 0.28671875 0.54765625 0.40625 0.1609375
4 0.26484375 0.7234375 0.23125 0.2046875
4 0.72734375 0.8296875 0.2203125 0.14375
4 0.73125 0.68203125 0.2359375 0.1265625
4 0.79453125 0.44375 0.23125 0.090625
4 0.23046875 0.2984375 0.1203125 0.190625
4 0.14765625 0.08984375 0.1546875 0.1796875
4 0.41640625 0.184375 0.2375 0.13125
4 0.35 0.321875 0.1453125 0.1765625
4 0.7890625 0.2609375 0.090625 0.134375
4 0.58515625 0.14921875 0.19375 0.1125
4 0.80078125 0.1875 0.19375 0.08125
4 0.8984375 0.13828125 0.1515625 0.1703125