2 0.421875 0.4671875 0.33125 0.1671875
2 0.34765625 0.6953125 0.1703125 0.34375
2 0.2109375 0.61015625 0.1 0.2375
2 0.12734375 0.496875 0.1375 0.1484375
2 0.209375 0.3359375 0.084375 0.240625
2 0.20078125 0.1359375 0.2671875 0.2078125
2 0.0671875 0.29453125 0.1015625 0.2921875
2 0.32890625 0.2015625 0.1609375 0.371875
2 0.490625 0.184375 0.1390625 0.071875
2 0.65703125 0.0953125 0.0671875 0.190625
2 0.57578125 0.35859375 0.3046875 0.1203125
2 0.76875 0.271875 0.2078125 0.10625
2 0.79765625 0.13515625 0.134375 0.1609375
2 0.74453125 0.721875 0.2359375 0.2234375
2 0.6109375 0.77265625 0.075 0.2546875
2 0.67265625 0.53046875 0.1328125 0.1703125
2 0.54140625 0.825 0.09375 0.1859375
2 0.2328125 0.7921875 0.1453125 0.1484375
2 0.84140625 0.5546875 0.203125 0.1078125