25 0.9296875 0.48828125 0.140625 0.2359375
25 0.75 0.5234375 0.1921875 0.2390625
25 0.61328125 0.475 0.1625 0.2140625
25 0.575 0.6265625 0.1421875 0.1875
25 0.4921875 0.54453125 0.1265625 0.18125
25 0.471875 0.43203125 0.1140625 0.1453125
25 0.46328125 0.69609375 0.1640625 0.2203125
25 0.14296875 0.721875 0.178125 0.25625
25 0.07578125 0.46953125 0.1515625 0.3046875
25 0.27890625 0.29140625 0.178125 0.259375
25 0.34140625 0.10234375 0.1828125 0.2046875
25 0.5515625 0.0828125 0.1953125 0.165625
25 0.77265625 0.04765625 0.0765625 0.0953125
25 0.771875 0.1453125 0.0859375 0.0953125
25 0.715625 0.08203125 0.065625 0.0828125