25 0.5078125 0.440625 0.3125 0.21875
25 0.30859375 0.65859375 0.34375 0.278125
25 0.4484375 0.88046875 0.4421875 0.2390625
25 0.76171875 0.74609375 0.446875 0.3671875
25 0.21171875 0.3484375 0.2859375 0.225
25 0.45234375 0.2734375 0.228125 0.14375
25 0.2859375 0.0984375 0.28125 0.1875
25 0.10234375 0.44140625 0.1234375 0.11875
25 0.05703125 0.5125 0.1140625 0.121875
25 0.096875 0.6046875 0.128125 0.1171875
25 0.74453125 0.18828125 0.1296875 0.09375
25 0.85625 0.1640625 0.0859375 0.071875
25 0.83515625 0.240625 0.0984375 0.059375
25 0.93515625 0.20625 0.121875 0.090625
25 0.80390625 0.07421875 0.1140625 0.0734375
25 0.915625 0.32265625 0.11875 0.084375
25 0.915625 0.3765625 0.1296875 0.071875