17 0.1265625 0.36953125 0.196875 0.1875
17 0.090625 0.69140625 0.1375 0.159375
17 0.0671875 0.79375 0.134375 0.25625
17 0.24921875 0.446875 0.259375 0.2203125
17 0.32734375 0.59453125 0.153125 0.23125
17 0.40234375 0.884375 0.1203125 0.23125
17 0.4734375 0.64296875 0.1703125 0.215625
17 0.4078125 0.4296875 0.140625 0.184375
17 0.43828125 0.16875 0.0953125 0.2625
17 0.56015625 0.18515625 0.1875 0.1984375
17 0.60703125 0.3640625 0.234375 0.1546875
17 0.67734375 0.71640625 0.378125 0.2515625
17 0.86640625 0.92109375 0.225 0.1296875
17 0.27109375 0.153125 0.134375 0.1703125