17 0.4140625 0.91015625 0.16875 0.1546875
17 0.12109375 0.934375 0.2390625 0.103125
17 0.3421875 0.6859375 0.1359375 0.2046875
17 0.190625 0.678125 0.1171875 0.1671875
17 0.63125 0.59453125 0.2015625 0.2140625
17 0.4578125 0.36796875 0.23125 0.2171875
17 0.25078125 0.5171875 0.4578125 0.18125
17 0.8125 0.4578125 0.271875 0.090625
17 0.91171875 0.29921875 0.1765625 0.1640625
17 0.67578125 0.3890625 0.221875 0.1296875
17 0.85859375 0.09921875 0.2828125 0.0796875
17 0.73125 0.19765625 0.146875 0.1375
17 0.528125 0.19296875 0.3328125 0.1609375
17 0.2578125 0.26484375 0.234375 0.165625