17 0.171875 0.56875 0.2609375 0.0875
17 0.3515625 0.440625 0.203125 0.228125
17 0.73671875 0.51171875 0.4625 0.18125
17 0.31015625 0.6375 0.21875 0.1328125
17 0.08203125 0.73046875 0.1640625 0.1609375
17 0.2546875 0.8328125 0.1546875 0.1484375
17 0.47109375 0.8328125 0.3375 0.1640625
17 0.5328125 0.66171875 0.240625 0.215625
17 0.7359375 0.7625 0.234375 0.159375
17 0.86484375 0.08828125 0.2375 0.1046875
17 0.57734375 0.1140625 0.1671875 0.1484375
17 0.6515625 0.3265625 0.14375 0.240625
17 0.80390625 0.3390625 0.1140625 0.1734375