2 0.54921875 0.4328125 0.0625 0.1265625
2 0.56328125 0.3578125 0.084375 0.1625
2 0.41015625 0.49765625 0.26875 0.0734375
2 0.58046875 0.55546875 0.06875 0.1359375
2 0.70078125 0.465625 0.225 0.0640625
2 0.75859375 0.5421875 0.0515625 0.1171875
2 0.5453125 0.63671875 0.078125 0.215625
2 0.7796875 0.75234375 0.0984375 0.1
2 0.853125 0.67578125 0.15625 0.053125
2 0.73828125 0.64921875 0.053125 0.078125
2 0.62421875 0.7390625 0.146875 0.09375
2 0.39375 0.82890625 0.1921875 0.059375
2 0.646875 0.91953125 0.14375 0.1609375
2 0.3046875 0.93671875 0.0796875 0.1265625
2 0.1671875 0.93046875 0.190625 0.1390625
2 0.36953125 0.54609375 0.25 0.0546875
2 0.259375 0.73828125 0.096875 0.1359375
2 0.528125 0.9296875 0.178125 0.084375
2 0.434375 0.74453125 0.109375 0.0359375