2 0.4578125 0.43125 0.159375 0.3359375
2 0.69296875 0.3578125 0.3484375 0.1859375
2 0.6125 0.2140625 0.2375 0.1015625
2 0.32890625 0.209375 0.253125 0.08125
2 0.1234375 0.20078125 0.2046875 0.2765625
2 0.196875 0.3296875 0.3796875 0.159375
2 0.70703125 0.7578125 0.2234375 0.2171875
2 0.3625 0.5859375 0.1515625 0.3
2 0.08203125 0.665625 0.1625 0.075
2 0.25625 0.77109375 0.1046875 0.2140625
2 0.171875 0.4953125 0.0734375 0.15625
2 0.79375 0.2375 0.1359375 0.1421875
2 0.65 0.14765625 0.1796875 0.0765625
2 0.934375 0.38984375 0.13125 0.1328125
2 0.759375 0.6140625 0.2515625 0.071875
2 0.54375 0.8453125 0.115625 0.2078125
2 0.04609375 0.54921875 0.090625 0.1671875
2 0.290625 0.059375 0.3125 0.1015625
2 0.59140625 0.58125 0.0640625 0.075