19 0.4171875 0.453125 0.1109375 0.08125
19 0.41953125 0.371875 0.109375 0.0734375
19 0.51796875 0.4125 0.0953125 0.0796875
19 0.61484375 0.403125 0.08125 0.0625
19 0.6734375 0.9453125 0.1296875 0.109375
19 0.5875 0.9046875 0.078125 0.0671875
19 0.68828125 0.82109375 0.109375 0.0890625
19 0.6671875 0.740625 0.13125 0.1046875
19 0.3609375 0.8296875 0.121875 0.1046875
19 0.384375 0.7078125 0.09375 0.0734375
19 0.44765625 0.640625 0.125 0.0984375
19 0.61171875 0.6890625 0.0890625 0.0703125
19 0.6046875 0.603125 0.0984375 0.0921875
19 0.51796875 0.58984375 0.071875 0.0484375
19 0.503125 0.525 0.1125 0.0953125
19 0.75546875 0.61015625 0.103125 0.09375
19 0.86328125 0.71875 0.11875 0.1140625
19 0.8515625 0.59609375 0.103125 0.090625
19 0.1390625 0.70546875 0.11875 0.08125
19 0.14140625 0.77421875 0.096875 0.0671875
19 0.24375 0.68671875 0.1140625 0.0828125
19 0.16328125 0.609375 0.1421875 0.1
19 0.07265625 0.5453125 0.109375 0.075
19 0.20703125 0.490625 0.1109375 0.075
19 0.29921875 0.42734375 0.1296875 0.0921875
19 0.31484375 0.33515625 0.096875 0.075
19 0.1953125 0.2859375 0.0953125 0.065625
19 0.0359375 0.2625 0.071875 0.06875
19 0.2609375 0.2328125 0.0859375 0.0515625
19 0.4859375 0.75390625 0.1078125 0.0828125
19 0.94921875 0.54296875 0.0953125 0.0609375
19 0.88515625 0.4703125 0.0890625 0.0640625