19 0.7765625 0.08671875 0.0921875 0.1125
19 0.77109375 0.24375 0.0921875 0.1234375
19 0.65234375 0.18125 0.0953125 0.1046875
19 0.55625 0.2140625 0.1109375 0.1625
19 0.45078125 0.2546875 0.0671875 0.08125
19 0.39375 0.2328125 0.109375 0.1484375
19 0.40625 0.46640625 0.1078125 0.1328125
19 0.45625 0.378125 0.0859375 0.096875
19 0.309375 0.4875 0.1015625 0.134375
19 0.31484375 0.596875 0.08125 0.0890625
19 0.32109375 0.7046875 0.0734375 0.10625
19 0.1921875 0.59296875 0.0859375 0.1140625
19 0.16953125 0.221875 0.0625 0.0875
19 0.10390625 0.94296875 0.078125 0.1109375
19 0.2640625 0.8828125 0.059375 0.0859375
19 0.64609375 0.38046875 0.103125 0.140625
19 0.59296875 0.54296875 0.1 0.146875
19 0.521875 0.6390625 0.096875 0.1125
19 0.42578125 0.73984375 0.090625 0.1328125
19 0.371875 0.87734375 0.065625 0.0953125
19 0.6125 0.7234375 0.0828125 0.10625