21 0.64453125 0.66484375 0.0984375 0.28125
21 0.55859375 0.5796875 0.0859375 0.1375
21 0.58046875 0.471875 0.0578125 0.05625
21 0.621875 0.38984375 0.0609375 0.1203125
21 0.70625 0.5328125 0.0953125 0.1078125
21 0.825 0.58125 0.134375 0.1375
21 0.7359375 0.29609375 0.1609375 0.259375
21 0.53125 0.34296875 0.121875 0.1984375
21 0.60078125 0.19375 0.0875 0.334375
21 0.43203125 0.66015625 0.1046875 0.1453125
21 0.3578125 0.6828125 0.06875 0.1140625
21 0.2921875 0.71171875 0.0703125 0.128125
21 0.3328125 0.39765625 0.0671875 0.1546875
21 0.2328125 0.54296875 0.0953125 0.103125
21 0.35546875 0.5109375 0.0859375 0.1125