2 0.459375 0.53515625 0.121875 0.3140625
2 0.703125 0.45078125 0.35 0.10625
2 0.67421875 0.2921875 0.39375 0.090625
2 0.48515625 0.18125 0.1234375 0.228125
2 0.27890625 0.25390625 0.2984375 0.0984375
2 0.215625 0.428125 0.0671875 0.125
2 0.25546875 0.45859375 0.3125 0.1234375
2 0.37421875 0.7375 0.190625 0.14375
2 0.16171875 0.72890625 0.1421875 0.1203125
2 0.103125 0.63671875 0.1796875 0.0734375
2 0.22734375 0.60390625 0.075 0.1265625
2 0.6296875 0.871875 0.24375 0.096875
2 0.828125 0.78515625 0.1375 0.1765625
2 0.8625 0.86015625 0.125 0.14375
2 0.271875 0.909375 0.228125 0.18125
2 0.1921875 0.2984375 0.0953125 0.121875
2 0.46640625 0.74375 0.0578125 0.128125