2 0.690625 0.63046875 0.34375 0.2578125
2 0.69921875 0.38046875 0.3625 0.225
2 0.30546875 0.3796875 0.3703125 0.2359375
2 0.33046875 0.6640625 0.334375 0.3
2 0.29765625 0.8515625 0.1859375 0.1875
2 0.4984375 0.81015625 0.259375 0.171875
2 0.58828125 0.73046875 0.18125 0.2671875
2 0.203125 0.58515625 0.14375 0.234375
2 0.78828125 0.81171875 0.1953125 0.203125
2 0.821875 0.50390625 0.1140625 0.184375
2 0.91953125 0.4375 0.128125 0.16875
2 0.1140625 0.5546875 0.1171875 0.2296875
2 0.10625 0.87578125 0.2125 0.2078125