19 0.778125 0.08125 0.09375 0.1140625
19 0.77109375 0.24296875 0.09375 0.134375
19 0.6515625 0.17734375 0.09375 0.1125
19 0.6421875 0.37734375 0.103125 0.14375
19 0.55390625 0.2078125 0.1125 0.1625
19 0.446875 0.24921875 0.0671875 0.084375
19 0.4515625 0.37265625 0.0875 0.1
19 0.40078125 0.46328125 0.1078125 0.140625
19 0.38984375 0.2265625 0.109375 0.1484375
19 0.30390625 0.48203125 0.1015625 0.1359375
19 0.309375 0.590625 0.0828125 0.0921875
19 0.31484375 0.7015625 0.0734375 0.10625
19 0.4203125 0.73671875 0.0921875 0.134375
19 0.5171875 0.63671875 0.0984375 0.115625
19 0.58984375 0.540625 0.1 0.15
19 0.6078125 0.721875 0.08125 0.10625
19 0.18671875 0.58828125 0.0875 0.1140625
19 0.096875 0.9375 0.0796875 0.1140625
19 0.25859375 0.87890625 0.059375 0.0875
19 0.36640625 0.8765625 0.0671875 0.0984375