19 0.8859375 0.3703125 0.2203125 0.1609375
19 0.83203125 0.49765625 0.1140625 0.0859375
19 0.91953125 0.60234375 0.1609375 0.1515625
19 0.65546875 0.50625 0.1421875 0.1203125
19 0.5171875 0.46640625 0.2 0.1484375
19 0.67734375 0.7421875 0.178125 0.1234375
19 0.5390625 0.60546875 0.1859375 0.121875
19 0.31328125 0.58671875 0.1421875 0.1234375
19 0.23515625 0.66640625 0.125 0.0828125
19 0.159375 0.46796875 0.1796875 0.134375
19 0.1640625 0.3234375 0.1578125 0.125
19 0.3125 0.32734375 0.15 0.1203125
19 0.46953125 0.31953125 0.2171875 0.16875
19 0.5921875 0.13203125 0.1625 0.1390625
19 0.315625 0.18984375 0.2328125 0.153125
19 0.31015625 0.06640625 0.1921875 0.1328125