19 0.91328125 0.621875 0.05625 0.0765625
19 0.634375 0.3859375 0.1109375 0.1453125
19 0.7125 0.65546875 0.0859375 0.1375
19 0.5828125 0.60859375 0.115625 0.14375
19 0.52109375 0.34453125 0.11875 0.15625
19 0.4640625 0.51328125 0.1171875 0.1640625
19 0.371875 0.38984375 0.046875 0.0734375
19 0.38828125 0.21796875 0.059375 0.0828125
19 0.19453125 0.296875 0.0859375 0.1359375
19 0.0953125 0.17265625 0.18125 0.215625
19 0.2234375 0.76171875 0.0703125 0.0921875
19 0.25859375 0.84296875 0.046875 0.0640625