2 0.4953125 0.684375 0.1546875 0.3984375
2 0.7015625 0.42421875 0.39375 0.109375
2 0.74765625 0.5296875 0.415625 0.1109375
2 0.7890625 0.66484375 0.096875 0.16875
2 0.9 0.74453125 0.2 0.075
2 0.78984375 0.86796875 0.090625 0.1734375
2 0.64296875 0.78984375 0.2078125 0.115625
2 0.25625 0.8203125 0.2265625 0.0984375
2 0.35625 0.89453125 0.09375 0.178125
2 0.271875 0.49609375 0.375 0.1
2 0.2703125 0.42109375 0.4015625 0.1109375
2 0.528125 0.2765625 0.1515625 0.325
2 0.79453125 0.36328125 0.221875 0.2875
2 0.77421875 0.2265625 0.115625 0.1859375
2 0.1796875 0.29921875 0.1984375 0.253125
2 0.0890625 0.60390625 0.1109375 0.2015625