21 0.33046875 0.63515625 0.290625 0.0953125
21 0.65546875 0.51953125 0.19375 0.128125
21 0.47734375 0.6890625 0.115625 0.109375
21 0.61015625 0.6140625 0.13125 0.0546875
21 0.709375 0.7265625 0.24375 0.1609375
21 0.41875 0.5515625 0.1375 0.090625
21 0.45625 0.2328125 0.09375 0.0984375
21 0.27265625 0.284375 0.1453125 0.0625
21 0.3890625 0.3515625 0.0671875 0.0484375
21 0.47890625 0.359375 0.115625 0.084375
21 0.60390625 0.334375 0.134375 0.06875
21 0.31796875 0.35234375 0.134375 0.0765625
21 0.81484375 0.86328125 0.1484375 0.096875