25 0.51015625 0.61171875 0.3609375 0.2515625
25 0.54765625 0.34765625 0.2421875 0.1578125
25 0.27734375 0.3453125 0.3171875 0.253125
25 0.515625 0.203125 0.21875 0.178125
25 0.29765625 0.81796875 0.225 0.153125
25 0.08515625 0.7609375 0.1703125 0.115625
25 0.48046875 0.8296875 0.1765625 0.146875
25 0.62578125 0.79296875 0.1953125 0.1484375
25 0.8125 0.88828125 0.128125 0.0953125
25 0.66640625 0.89609375 0.2 0.11875
25 0.81484375 0.80546875 0.1796875 0.14375
25 0.921875 0.7546875 0.15625 0.134375