2 0.51171875 0.46328125 0.4703125 0.2171875
2 0.43984375 0.0859375 0.153125 0.0875
2 0.48515625 0.22734375 0.096875 0.1234375
2 0.584375 0.109375 0.1109375 0.05625
2 0.3375 0.22734375 0.134375 0.10625
2 0.17421875 0.20078125 0.140625 0.11875
2 0.13671875 0.5171875 0.2453125 0.19375
2 0.15703125 0.7953125 0.2140625 0.2125
2 0.54453125 0.8328125 0.2578125 0.1265625
2 0.66171875 0.71796875 0.1015625 0.165625
2 0.78359375 0.58515625 0.0578125 0.178125
2 0.5046875 0.6203125 0.0953125 0.1328125
2 0.70625 0.91484375 0.059375 0.1703125