25 0.61171875 0.48984375 0.2515625 0.3609375
25 0.34765625 0.45234375 0.1578125 0.2421875
25 0.3453125 0.72265625 0.253125 0.3171875
25 0.203125 0.484375 0.178125 0.21875
25 0.81796875 0.70234375 0.153125 0.225
25 0.7609375 0.91484375 0.115625 0.1703125
25 0.8296875 0.51953125 0.146875 0.1765625
25 0.79296875 0.37421875 0.1484375 0.1953125
25 0.88828125 0.1875 0.0953125 0.128125
25 0.89609375 0.33359375 0.11875 0.2
25 0.80546875 0.18515625 0.14375 0.1796875
25 0.7546875 0.078125 0.134375 0.15625