9 0.76328125 0.5984375 0.16875 0.1140625
9 0.6625 0.70703125 0.121875 0.1484375
9 0.55 0.76171875 0.1546875 0.1828125
9 0.4015625 0.778125 0.159375 0.15625
9 0.37109375 0.65390625 0.1765625 0.121875
9 0.4734375 0.59609375 0.159375 0.1421875
9 0.60546875 0.55546875 0.11875 0.14375
9 0.58125 0.4390625 0.1296875 0.065625
9 0.55078125 0.3875 0.1328125 0.0625
9 0.47578125 0.48515625 0.1 0.0875
9 0.4421875 0.44140625 0.1 0.06875
9 0.40546875 0.35390625 0.0875 0.0734375
9 0.6921875 0.1484375 0.21875 0.140625