2 0.684375 0.62734375 0.3859375 0.271875
2 0.58828125 0.74609375 0.2140625 0.303125
2 0.29375 0.6796875 0.3671875 0.321875
2 0.67890625 0.3578125 0.375 0.271875
2 0.259375 0.36953125 0.4078125 0.24375
2 0.16171875 0.6 0.153125 0.275
2 0.27421875 0.8859375 0.2140625 0.20625
2 0.4984375 0.83828125 0.2953125 0.175
2 0.81640625 0.83984375 0.20625 0.21875
2 0.9171875 0.41953125 0.146875 0.1640625
2 0.821875 0.4921875 0.1046875 0.2
2 0.88984375 0.5390625 0.0921875 0.134375
2 0.059375 0.57265625 0.11875 0.2421875