25 0.2734375 0.453125 0.2171875 0.3046875
25 0.52734375 0.31953125 0.190625 0.284375
25 0.665625 0.4875 0.1703125 0.28125
25 0.490625 0.64140625 0.184375 0.2796875
25 0.23984375 0.2265625 0.1171875 0.1640625
25 0.0765625 0.15546875 0.0953125 0.146875
25 0.29140625 0.11953125 0.096875 0.1578125
25 0.40859375 0.09375 0.0796875 0.121875
25 0.56953125 0.13046875 0.0609375 0.090625
25 0.640625 0.134375 0.0703125 0.0921875
25 0.7640625 0.128125 0.1125 0.15
25 0.88671875 0.35 0.1484375 0.1828125
25 0.88828125 0.096875 0.1328125 0.1859375
25 0.6953125 0.6640625 0.15625 0.1421875
25 0.64609375 0.721875 0.0515625 0.0796875
25 0.5859375 0.75078125 0.121875 0.15
25 0.6734375 0.90390625 0.10625 0.1390625
25 0.5234375 0.83671875 0.1484375 0.1515625