25 0.65234375 0.4890625 0.159375 0.215625
25 0.76484375 0.5015625 0.0796875 0.1140625
25 0.753125 0.40625 0.0828125 0.1203125
25 0.875 0.425 0.1828125 0.234375
25 0.69375 0.71171875 0.18125 0.2125
25 0.55859375 0.80703125 0.140625 0.159375
25 0.66640625 0.91171875 0.1484375 0.1765625
25 0.590625 0.8734375 0.0625 0.071875
25 0.58359375 0.63125 0.1375 0.2
25 0.43203125 0.4875 0.2640625 0.315625
25 0.32109375 0.68203125 0.140625 0.1671875
25 0.23828125 0.8671875 0.1265625 0.1453125
25 0.11015625 0.86875 0.1203125 0.13125
25 0.16875 0.903125 0.04375 0.071875
25 0.25 0.94375 0.128125 0.1125
25 0.7953125 0.91171875 0.096875 0.15
25 0.94375 0.834375 0.1125 0.184375
25 0.94921875 0.6046875 0.1015625 0.16875
25 0.85 0.7078125 0.1140625 0.1296875
25 0.74296875 0.1671875 0.1296875 0.153125
25 0.59921875 0.25859375 0.11875 0.259375
25 0.121875 0.59375 0.2078125 0.2765625
25 0.08984375 0.1484375 0.1796875 0.2484375
25 0.3640625 0.771875 0.1140625 0.1265625
25 0.90703125 0.053125 0.1375 0.10625