25 0.40625 0.8375 0.2328125 0.1890625
25 0.4828125 0.728125 0.1125 0.0796875
25 0.38671875 0.715625 0.115625 0.0859375
25 0.4703125 0.6171875 0.215625 0.1625
25 0.240625 0.5703125 0.259375 0.115625
25 0.4640625 0.396875 0.3171875 0.2625
25 0.128125 0.07265625 0.24375 0.1453125
25 0.571875 0.0953125 0.275 0.190625
25 0.84765625 0.2140625 0.1421875 0.1265625
25 0.84921875 0.084375 0.1296875 0.115625
25 0.9296875 0.22734375 0.1078125 0.128125
25 0.90078125 0.503125 0.190625 0.1453125
25 0.9015625 0.6265625 0.196875 0.1453125
25 0.8515625 0.55078125 0.071875 0.0625
25 0.7859375 0.5203125 0.15625 0.140625
25 0.69296875 0.65625 0.215625 0.18125
25 0.81953125 0.91875 0.1796875 0.1375
25 0.71328125 0.96015625 0.1046875 0.0796875
25 0.58828125 0.93046875 0.1640625 0.1390625
25 0.66484375 0.2984375 0.1640625 0.1390625
25 0.753125 0.3421875 0.128125 0.1140625
25 0.15 0.71875 0.153125 0.1328125
25 0.04453125 0.88828125 0.0890625 0.1359375
25 0.68984375 0.81953125 0.128125 0.1109375
25 0.89296875 0.7640625 0.15 0.1015625
25 0.61640625 0.55703125 0.1953125 0.1453125