2 0.50234375 0.40390625 0.0828125 0.2203125
2 0.35625 0.5609375 0.253125 0.0625
2 0.48359375 0.65625 0.090625 0.159375
2 0.5234375 0.51015625 0.0640625 0.1171875
2 0.61640625 0.59453125 0.2046875 0.0640625
2 0.55078125 0.32265625 0.06875 0.184375
2 0.6578125 0.465625 0.2203125 0.0921875
2 0.74765625 0.46640625 0.103125 0.1078125
2 0.68515625 0.4890625 0.0484375 0.0984375
2 0.33125 0.47421875 0.2640625 0.078125
2 0.6390625 0.11484375 0.1703125 0.1703125
2 0.5796875 0.25625 0.171875 0.1125
2 0.74140625 0.2625 0.1015625 0.09375
2 0.7828125 0.33671875 0.1609375 0.059375
2 0.37734375 0.16328125 0.190625 0.06875
2 0.21015625 0.17578125 0.090625 0.109375