25 0.4671875 0.5828125 0.215625 0.1609375
25 0.68984375 0.5734375 0.290625 0.2234375
25 0.5203125 0.446875 0.196875 0.134375
25 0.2953125 0.49296875 0.26875 0.2203125
25 0.47734375 0.70390625 0.2640625 0.153125
25 0.65 0.8078125 0.1921875 0.134375
25 0.86875 0.8 0.1484375 0.1203125
25 0.4453125 0.88203125 0.1296875 0.103125
25 0.3 0.9359375 0.1546875 0.128125
25 0.146875 0.79375 0.20625 0.171875
25 0.175 0.30390625 0.2875 0.23125
25 0.54296875 0.3828125 0.265625 0.1703125
25 0.684375 0.24921875 0.2703125 0.21875
25 0.68125 0.10703125 0.1453125 0.10625
25 0.79296875 0.115625 0.14375 0.0875
25 0.259375 0.2125 0.275 0.2015625
25 0.89453125 0.24921875 0.2109375 0.2359375
25 0.48515625 0.06015625 0.2046875 0.1203125