2 0.51875 0.5390625 0.5734375 0.2375
2 0.328125 0.15546875 0.1546875 0.3109375
2 0.1921875 0.31640625 0.1171875 0.13125
2 0.34453125 0.34609375 0.13125 0.0859375
2 0.69921875 0.26875 0.1796875 0.1125
2 0.571875 0.28984375 0.0578125 0.1140625
2 0.51328125 0.15078125 0.1234375 0.1453125
2 0.6375 0.10703125 0.0984375 0.1921875
2 0.7921875 0.371875 0.121875 0.278125
2 0.88828125 0.5859375 0.2234375 0.184375
2 0.49453125 0.8484375 0.1375 0.0640625
2 0.54765625 0.7453125 0.0703125 0.1796875
2 0.640625 0.7875 0.1171875 0.1265625
2 0.48046875 0.18515625 0.0890625 0.1390625
2 0.921875 0.09140625 0.14375 0.071875