2 0.571875 0.4328125 0.1328125 0.2265625
2 0.6765625 0.65703125 0.090625 0.1640625
2 0.6921875 0.496875 0.1 0.1234375
2 0.75546875 0.3828125 0.1015625 0.090625
2 0.67890625 0.2453125 0.1015625 0.221875
2 0.48125 0.73828125 0.096875 0.278125
2 0.35390625 0.58828125 0.2359375 0.1140625
2 0.35546875 0.39140625 0.1859375 0.1640625
2 0.35390625 0.171875 0.196875 0.1625
2 0.8265625 0.73046875 0.175 0.2
2 0.58125 0.78671875 0.24375 0.15
2 0.578125 0.2796875 0.1125 0.18125
2 0.4875 0.165625 0.0625 0.1703125
2 0.546875 0.9546875 0.178125 0.090625
2 0.91171875 0.9203125 0.0765625 0.159375