0 0.54453125 0.3421875 0.2046875 0.10625
0 0.45234375 0.47890625 0.1015625 0.0890625
0 0.590625 0.52109375 0.20625 0.121875
0 0.70546875 0.621875 0.134375 0.1
0 0.78984375 0.590625 0.0765625 0.071875
0 0.88046875 0.53203125 0.1671875 0.0828125
0 0.72265625 0.44296875 0.146875 0.1359375
0 0.7515625 0.32734375 0.159375 0.1609375
0 0.384375 0.53671875 0.0953125 0.05625
0 0.4625 0.58203125 0.0921875 0.0875
0 0.36953125 0.5765625 0.1125 0.0796875
0 0.39609375 0.4328125 0.1296875 0.11875
0 0.27421875 0.4546875 0.0671875 0.059375
0 0.28203125 0.371875 0.1125 0.1171875
0 0.18359375 0.48359375 0.08125 0.0625