4 0.25390625 0.57109375 0.43125 0.1640625
4 0.2671875 0.6875 0.2328125 0.125
4 0.2703125 0.83984375 0.2203125 0.1375
4 0.49453125 0.728125 0.234375 0.359375
4 0.73828125 0.7328125 0.23125 0.20625
4 0.72265625 0.5546875 0.3984375 0.1625
4 0.4828125 0.35625 0.21875 0.3515625
4 0.203125 0.45078125 0.225 0.090625
4 0.21171875 0.2671875 0.0890625 0.13125
4 0.04609375 0.25703125 0.0921875 0.1234375
4 0.1046875 0.14921875 0.1453125 0.175
4 0.58984375 0.19296875 0.2328125 0.1296875
4 0.85234375 0.09140625 0.1609375 0.1828125
4 0.896875 0.221875 0.2046875 0.1078125
4 0.7734375 0.30390625 0.1203125 0.190625
4 0.65078125 0.3265625 0.1390625 0.1859375
4 0.9515625 0.48828125 0.096875 0.1203125
4 0.84140625 0.4609375 0.1046875 0.1140625