4 0.7109375 0.5203125 0.359375 0.2328125
4 0.55546875 0.278125 0.1609375 0.425
4 0.34765625 0.50703125 0.3671875 0.21875
4 0.54140625 0.74921875 0.16875 0.4
4 0.71796875 0.759375 0.203125 0.23125
4 0.81875 0.29921875 0.1359375 0.2265625
4 0.67421875 0.290625 0.121875 0.2265625
4 0.43671875 0.228125 0.0921875 0.2296875
4 0.2875 0.7953125 0.19375 0.1234375
4 0.309375 0.67421875 0.1859375 0.140625
4 0.3640625 0.2875 0.0953125 0.14375
4 0.18125 0.22578125 0.0890625 0.2078125
4 0.13828125 0.11953125 0.1859375 0.1484375
4 0.25078125 0.23046875 0.1328125 0.09375
4 0.17265625 0.60625 0.13125 0.2453125