16 0.41796875 0.296875 0.0984375 0.0984375
16 0.4890625 0.21640625 0.078125 0.103125
16 0.4890625 0.36484375 0.0984375 0.153125
16 0.37109375 0.3953125 0.1171875 0.128125
16 0.39453125 0.5375 0.125 0.10625
16 0.48359375 0.57265625 0.059375 0.0796875
16 0.475 0.47421875 0.0515625 0.096875
16 0.46171875 0.678125 0.084375 0.1046875
16 0.403125 0.7375 0.0578125 0.078125
16 0.3921875 0.65546875 0.0515625 0.0875
16 0.32578125 0.71953125 0.109375 0.0984375
16 0.515625 0.85859375 0.10625 0.1640625
16 0.58828125 0.88671875 0.0625 0.1109375
16 0.65 0.85234375 0.09375 0.1375