0 0.54453125 0.6578125 0.2046875 0.10625
0 0.45234375 0.52109375 0.1015625 0.0890625
0 0.590625 0.47890625 0.20625 0.121875
0 0.70546875 0.378125 0.134375 0.1
0 0.78984375 0.409375 0.0765625 0.071875
0 0.88046875 0.46796875 0.1671875 0.0828125
0 0.72265625 0.55703125 0.146875 0.1359375
0 0.7515625 0.67265625 0.159375 0.1609375
0 0.384375 0.46328125 0.0953125 0.05625
0 0.4625 0.41796875 0.0921875 0.0875
0 0.36953125 0.4234375 0.1125 0.0796875
0 0.39609375 0.5671875 0.1296875 0.11875
0 0.27421875 0.5453125 0.0671875 0.059375
0 0.28203125 0.628125 0.1125 0.1171875
0 0.18359375 0.51640625 0.08125 0.0625