25 0.6109375 0.6296875 0.1875 0.23125
25 0.47421875 0.27890625 0.20625 0.2640625
25 0.29375 0.4859375 0.1796875 0.2453125
25 0.22421875 0.38828125 0.109375 0.1140625
25 0.28046875 0.3125 0.0859375 0.1359375
25 0.25 0.26328125 0.16875 0.165625
25 0.31171875 0.146875 0.109375 0.0875
25 0.70390625 0.078125 0.16875 0.15625
25 0.81484375 0.3328125 0.125 0.13125
25 0.8484375 0.17109375 0.125 0.1515625
25 0.87578125 0.44765625 0.125 0.125
25 0.90703125 0.78359375 0.096875 0.13125
25 0.93359375 0.21796875 0.1109375 0.096875
25 0.746875 0.846875 0.075 0.1046875
25 0.7890625 0.9578125 0.09375 0.084375
25 0.81484375 0.6859375 0.121875 0.090625
25 0.95078125 0.72109375 0.0984375 0.1234375
25 0.56796875 0.35078125 0.1296875 0.1515625
25 0.31875 0.0515625 0.09375 0.1015625