25 0.51015625 0.66484375 0.353125 0.2734375
25 0.7140625 0.4890625 0.1640625 0.1578125
25 0.7703125 0.33125 0.271875 0.2140625
25 0.56875 0.13203125 0.2421875 0.175
25 0.49765625 0.28359375 0.2765625 0.1796875
25 0.4515625 0.45546875 0.221875 0.1765625
25 0.2890625 0.55078125 0.23125 0.1703125
25 0.2578125 0.415625 0.2609375 0.20625
25 0.265625 0.71015625 0.225 0.1875
25 0.47734375 0.82109375 0.215625 0.13125
25 0.596875 0.87890625 0.175 0.1390625
25 0.7765625 0.90390625 0.1578125 0.1265625
25 0.8625 0.803125 0.1515625 0.1140625
25 0.88515625 0.9296875 0.159375 0.1296875
25 0.8515625 0.86640625 0.071875 0.05
25 0.26484375 0.909375 0.2578125 0.18125