4 0.52890625 0.31953125 0.2578125 0.3890625
4 0.77265625 0.50703125 0.4484375 0.178125
4 0.26328125 0.49609375 0.4578125 0.178125
4 0.23203125 0.30234375 0.2515625 0.2296875
4 0.72734375 0.203125 0.2046875 0.121875
4 0.728125 0.35625 0.2234375 0.125
4 0.5328125 0.72421875 0.2546875 0.425
4 0.35234375 0.8734375 0.265625 0.1453125
4 0.29765625 0.72421875 0.15625 0.1921875
4 0.16484375 0.753125 0.128125 0.20625
4 0.69765625 0.671875 0.153125 0.1015625
4 0.76484375 0.79375 0.090625 0.1375
4 0.92109375 0.809375 0.1015625 0.1234375
4 0.75703125 0.86796875 0.1953125 0.0921875
4 0.84453125 0.9109375 0.1515625 0.178125