2 0.43515625 0.36953125 0.1796875 0.4
2 0.79609375 0.14375 0.1828125 0.2875
2 0.53515625 0.06171875 0.39375 0.1234375
2 0.6046875 0.596875 0.3359375 0.1109375
2 0.42734375 0.79921875 0.1515625 0.3515625
2 0.2703125 0.5671875 0.29375 0.1015625
2 0.18515625 0.4390625 0.321875 0.178125
2 0.67109375 0.70390625 0.328125 0.14375
2 0.784375 0.828125 0.2265625 0.2046875
2 0.22734375 0.8296875 0.284375 0.1703125
2 0.59921875 0.4125 0.1609375 0.215625
2 0.175 0.146875 0.1203125 0.121875
2 0.3328125 0.175 0.1453125 0.0796875
2 0.31015625 0.0453125 0.215625 0.0828125