2 0.68359375 0.3578125 0.1171875 0.0640625
2 0.57578125 0.27109375 0.103125 0.2203125
2 0.590625 0.43046875 0.08125 0.1046875
2 0.71875 0.45546875 0.1765625 0.1578125
2 0.425 0.42734375 0.28125 0.203125
2 0.721875 0.653125 0.3078125 0.14375
2 0.52734375 0.57890625 0.0609375 0.23125
2 0.43515625 0.77109375 0.190625 0.1578125
2 0.59140625 0.8 0.128125 0.153125
2 0.70234375 0.81640625 0.2078125 0.1859375
2 0.73984375 0.29921875 0.171875 0.1515625
2 0.34140625 0.1765625 0.1265625 0.09375
2 0.1125 0.62890625 0.1125 0.1546875
2 0.21640625 0.16953125 0.06875 0.096875