19 0.9015625 0.234375 0.1140625 0.0953125
19 0.74453125 0.2421875 0.1234375 0.0921875
19 0.81015625 0.3609375 0.1015625 0.09375
19 0.61171875 0.37265625 0.1390625 0.1015625
19 0.5921875 0.2953125 0.1265625 0.059375
19 0.7796875 0.4609375 0.159375 0.1125
19 0.4484375 0.425 0.1484375 0.0984375
19 0.49921875 0.46953125 0.1421875 0.0921875
19 0.35078125 0.49765625 0.115625 0.0984375
19 0.25234375 0.59453125 0.13125 0.090625
19 0.528125 0.61171875 0.134375 0.109375
19 0.73984375 0.565625 0.08125 0.0671875
19 0.7625 0.621875 0.146875 0.1125
19 0.61640625 0.5609375 0.0953125 0.084375
19 0.5078125 0.709375 0.134375 0.103125
19 0.2890625 0.7 0.1046875 0.0765625
19 0.3984375 0.7046875 0.090625 0.084375
19 0.403125 0.82734375 0.1140625 0.0875
19 0.54765625 0.853125 0.1078125 0.0921875
19 0.7765625 0.846875 0.0875 0.065625
19 0.28203125 0.89296875 0.0828125 0.0640625
19 0.05546875 0.91953125 0.1109375 0.0796875
19 0.1109375 0.7578125 0.0890625 0.0625
19 0.1140625 0.646875 0.0984375 0.0671875
19 0.05234375 0.8375 0.0875 0.053125
19 0.56953125 0.765625 0.1 0.0734375