2 0.43515625 0.621875 0.175 0.396875
2 0.60859375 0.39140625 0.3203125 0.10625
2 0.271875 0.4171875 0.2828125 0.096875
2 0.42578125 0.19921875 0.15 0.3671875
2 0.65859375 0.2890625 0.3453125 0.1515625
2 0.78046875 0.1625 0.23125 0.1984375
2 0.78671875 0.8484375 0.184375 0.303125
2 0.20078125 0.54140625 0.353125 0.19375
2 0.1828125 0.84296875 0.115625 0.11875
2 0.5921875 0.57265625 0.1609375 0.225
2 0.7828125 0.49296875 0.09375 0.1328125
2 0.2265625 0.1671875 0.2859375 0.1625
2 0.52421875 0.9359375 0.3671875 0.125
2 0.07421875 0.50390625 0.1484375 0.2703125