19 0.525 0.88046875 0.2796875 0.2296875
19 0.28125 0.64375 0.184375 0.1484375
19 0.18046875 0.7234375 0.103125 0.090625
19 0.0625 0.79609375 0.125 0.0984375
19 0.43046875 0.728125 0.1953125 0.15
19 0.66640625 0.58359375 0.184375 0.128125
19 0.509375 0.50078125 0.228125 0.1625
19 0.31875 0.40546875 0.209375 0.1484375
19 0.4234375 0.28671875 0.1859375 0.13125
19 0.29453125 0.26328125 0.1609375 0.13125
19 0.0875 0.92421875 0.1484375 0.0984375
19 0.15078125 0.84453125 0.0984375 0.06875
19 0.8421875 0.534375 0.128125 0.0890625