19 0.06875 0.2203125 0.1140625 0.09375
19 0.2296875 0.225 0.1296875 0.090625
19 0.16328125 0.34375 0.1046875 0.0953125
19 0.1953125 0.44375 0.1640625 0.1140625
19 0.36328125 0.35390625 0.1421875 0.10625
19 0.52890625 0.40703125 0.1484375 0.1
19 0.23671875 0.55 0.0859375 0.0671875
19 0.4515625 0.5953125 0.134375 0.10625
19 0.471875 0.69296875 0.1328125 0.103125
19 0.58203125 0.68671875 0.0921875 0.0828125
19 0.69140625 0.68125 0.10625 0.075
19 0.58125 0.81015625 0.1140625 0.0875
19 0.9296875 0.8984375 0.1125 0.08125
19 0.871875 0.73671875 0.0890625 0.059375
19 0.7265625 0.575 0.1328125 0.09375
19 0.6265625 0.47890625 0.1140625 0.096875
19 0.7109375 0.3875 0.10625 0.08125
19 0.20703125 0.83359375 0.0875 0.0640625