2 0.615625 0.49375 0.28125 0.06875
2 0.44609375 0.553125 0.0640625 0.1375
2 0.47421875 0.41875 0.065625 0.115625
2 0.4609375 0.36484375 0.0859375 0.18125
2 0.3234375 0.46328125 0.2359375 0.0640625
2 0.4734375 0.6328125 0.09375 0.2171875
2 0.30234375 0.5703125 0.2359375 0.1109375
2 0.25703125 0.54296875 0.05 0.1171875
2 0.19296875 0.5546875 0.0890625 0.1171875
2 0.31328125 0.7796875 0.059375 0.1328125
2 0.234375 0.75 0.09375 0.103125
2 0.37109375 0.92109375 0.140625 0.1578125
2 0.8515625 0.93125 0.1890625 0.1375
2 0.7171875 0.94375 0.0828125 0.1125
2 0.62109375 0.834375 0.196875 0.0578125
2 0.16484375 0.67734375 0.1703125 0.0515625
2 0.75546875 0.74765625 0.0984375 0.1453125