2 0.4921875 0.309375 0.1625 0.403125
2 0.6921875 0.5796875 0.384375 0.125
2 0.26328125 0.58125 0.3921875 0.1234375
2 0.52265625 0.72265625 0.15625 0.3359375
2 0.7890625 0.6375 0.221875 0.284375
2 0.76953125 0.778125 0.115625 0.1890625
2 0.1765625 0.6984375 0.1984375 0.259375
2 0.896875 0.25546875 0.20625 0.0765625
2 0.78671875 0.32890625 0.090625 0.1625
2 0.78828125 0.1296875 0.0890625 0.1734375
2 0.63359375 0.2046875 0.1921875 0.1171875
2 0.24140625 0.17578125 0.19375 0.1
2 0.28984375 0.29453125 0.1984375 0.1046875
2 0.7421875 0.47109375 0.4234375 0.109375
2 0.6578125 0.3328125 0.1328125 0.0578125