17 0.11875 0.43046875 0.1484375 0.1703125
17 0.096875 0.13984375 0.103125 0.2296875
17 0.34140625 0.203125 0.1640625 0.1140625
17 0.32890625 0.35703125 0.240625 0.140625
17 0.275 0.5734375 0.140625 0.13125
17 0.44453125 0.65546875 0.225 0.2
17 0.5734375 0.83828125 0.090625 0.25625
17 0.6640625 0.471875 0.2171875 0.2390625
17 0.73203125 0.9234375 0.1609375 0.153125
17 0.94140625 0.8703125 0.0796875 0.259375
17 0.83515625 0.53203125 0.1671875 0.340625
17 0.76328125 0.27421875 0.1671875 0.2453125
17 0.515625 0.26171875 0.1859375 0.440625