2 0.4765625 0.51328125 0.121875 0.3203125
2 0.71953125 0.4328125 0.3453125 0.109375
2 0.6953125 0.26484375 0.3875 0.0890625
2 0.29609375 0.228125 0.2953125 0.0953125
2 0.503125 0.15859375 0.1171875 0.2109375
2 0.26796875 0.440625 0.309375 0.1265625
2 0.375 0.72734375 0.1890625 0.1375
2 0.16640625 0.71953125 0.13125 0.1203125
2 0.11171875 0.6296875 0.1859375 0.075
2 0.23828125 0.59140625 0.071875 0.134375
2 0.2875 0.90234375 0.215625 0.1953125
2 0.86328125 0.84921875 0.1265625 0.153125
2 0.634375 0.8625 0.25 0.1046875