17 0.43125 0.171875 0.0875 0.2609375
17 0.559375 0.3515625 0.228125 0.203125
17 0.48828125 0.73671875 0.18125 0.4625
17 0.3625 0.31015625 0.1328125 0.21875
17 0.26953125 0.08203125 0.1609375 0.1640625
17 0.1671875 0.2546875 0.1484375 0.1546875
17 0.1671875 0.47109375 0.1640625 0.3375
17 0.33828125 0.5328125 0.215625 0.240625
17 0.2375 0.7359375 0.159375 0.234375
17 0.91171875 0.86484375 0.1046875 0.2375
17 0.8859375 0.57734375 0.1484375 0.1671875
17 0.6734375 0.6515625 0.240625 0.14375
17 0.6609375 0.80390625 0.1734375 0.1140625