25 0.38203125 0.48984375 0.2484375 0.35
25 0.6359375 0.45 0.1515625 0.2296875
25 0.77421875 0.4796875 0.1734375 0.2109375
25 0.64140625 0.71328125 0.2453125 0.3046875
25 0.18125 0.70234375 0.1546875 0.2203125
25 0.23984375 0.91328125 0.1140625 0.1734375
25 0.1703125 0.5171875 0.1453125 0.165625
25 0.20546875 0.38046875 0.1484375 0.1953125
25 0.1109375 0.19375 0.090625 0.128125
25 0.1046875 0.33984375 0.121875 0.1921875
25 0.18984375 0.1921875 0.1421875 0.1765625
25 0.2421875 0.08046875 0.1328125 0.1609375
25 0.46953125 0.19140625 0.1234375 0.1609375