4 0.2734375 0.49921875 0.3625 0.23125
4 0.434375 0.2515625 0.1671875 0.425
4 0.54921875 0.21171875 0.0953125 0.23125
4 0.63828125 0.48515625 0.3609375 0.2171875
4 0.44765625 0.71796875 0.1609375 0.4046875
4 0.26796875 0.73984375 0.2046875 0.23125
4 0.1640625 0.27578125 0.1390625 0.2265625
4 0.3125 0.26953125 0.11875 0.2296875
4 0.73125 0.2125 0.13125 0.090625
4 0.74296875 0.04453125 0.125 0.0890625
4 0.80390625 0.20859375 0.084375 0.203125
4 0.9265625 0.25859375 0.146875 0.1765625
4 0.8515625 0.10625 0.1734375 0.1484375
4 0.6734375 0.64921875 0.18125 0.1421875
4 0.809375 0.5890625 0.1296875 0.2390625
4 0.69609375 0.77109375 0.1953125 0.1203125
4 0.90703125 0.853125 0.184375 0.159375
4 0.778125 0.89609375 0.10625 0.2078125
4 0.51953125 0.953125 0.109375 0.09375
4 0.5421875 0.840625 0.109375 0.10625