17 0.6421875 0.425 0.20625 0.2359375
17 0.26015625 0.49453125 0.4796875 0.1828125
17 0.46171875 0.64609375 0.2453125 0.21875
17 0.6984375 0.6265625 0.20625 0.13125
17 0.9140625 0.71640625 0.171875 0.1625
17 0.41953125 0.1 0.171875 0.153125
17 0.12421875 0.075 0.228125 0.1078125
17 0.26796875 0.74921875 0.2453125 0.16875
17 0.07578125 0.81640625 0.1515625 0.1578125
17 0.53671875 0.82109375 0.3234375 0.1609375
17 0.86640625 0.92109375 0.265625 0.0828125
17 0.828125 0.55390625 0.2578125 0.0875
17 0.3453125 0.32578125 0.1359375 0.2078125
17 0.18828125 0.3265625 0.1078125 0.178125