2 0.646875 0.6 0.184375 0.159375
2 0.6484375 0.82421875 0.2 0.1671875
2 0.5125 0.8265625 0.0671875 0.175
2 0.43125 0.56171875 0.140625 0.2421875
2 0.32265625 0.75234375 0.103125 0.2328125
2 0.2421875 0.61015625 0.109375 0.0828125
2 0.3046875 0.49296875 0.1015625 0.1296875
2 0.415625 0.19765625 0.2515625 0.1546875
2 0.52265625 0.2484375 0.1015625 0.296875
2 0.44765625 0.38984375 0.0765625 0.084375
2 0.6515625 0.403125 0.2375 0.1203125
2 0.17109375 0.2484375 0.1765625 0.1953125
2 0.42421875 0.7109375 0.1109375 0.2015625
2 0.32421875 0.33671875 0.096875 0.1625