25 0.396875 0.50625 0.2578125 0.3640625
25 0.209375 0.6203125 0.15 0.1953125
25 0.66640625 0.27421875 0.25625 0.31875
25 0.80546875 0.51171875 0.1765625 0.2203125
25 0.66328125 0.54296875 0.1578125 0.2390625
25 0.184375 0.29375 0.1609375 0.225
25 0.23984375 0.0828125 0.1203125 0.165625
25 0.040625 0.7640625 0.08125 0.1359375
25 0.11328125 0.81015625 0.09375 0.1328125
25 0.10546875 0.66015625 0.125 0.1921875
25 0.2453125 0.9203125 0.13125 0.159375
25 0.19375 0.8125 0.1421875 0.1828125
25 0.0828125 0.3796875 0.0859375 0.1
25 0.17265625 0.48203125 0.1484375 0.1734375
25 0.478125 0.80703125 0.125 0.1578125
25 0.559375 0.9046875 0.09375 0.140625