21 0.63046875 0.68359375 0.0890625 0.2859375
21 0.5515625 0.58203125 0.0828125 0.140625
21 0.5171875 0.35234375 0.121875 0.19375
21 0.61171875 0.39609375 0.059375 0.14375
21 0.58828125 0.19921875 0.0859375 0.30625
21 0.72421875 0.2921875 0.1671875 0.2296875
21 0.78984375 0.57578125 0.18125 0.1453125
21 0.68671875 0.5390625 0.10625 0.1125
21 0.85625 0.184375 0.0953125 0.14375
21 0.85390625 0.06484375 0.090625 0.0828125
21 0.47421875 0.64609375 0.0671875 0.1609375
21 0.41484375 0.67109375 0.0984375 0.1359375
21 0.3390625 0.6828125 0.0671875 0.125
21 0.275 0.71953125 0.0671875 0.1375
21 0.34296875 0.525 0.090625 0.1140625
21 0.31640625 0.396875 0.065625 0.15
21 0.2171875 0.53828125 0.09375 0.084375
21 0.33984375 0.6171875 0.053125 0.0625