17 0.1296875 0.3671875 0.2 0.2
17 0.2734375 0.1546875 0.1328125 0.171875
17 0.09296875 0.690625 0.1328125 0.1546875
17 0.07578125 0.7953125 0.1515625 0.2703125
17 0.2453125 0.44609375 0.2671875 0.2171875
17 0.4390625 0.1734375 0.0953125 0.2578125
17 0.56328125 0.18828125 0.1796875 0.190625
17 0.6 0.36640625 0.246875 0.1515625
17 0.6671875 0.72109375 0.3953125 0.2515625
17 0.33203125 0.59609375 0.1578125 0.228125
17 0.4109375 0.42890625 0.1375 0.1734375
17 0.478125 0.646875 0.159375 0.221875
17 0.40546875 0.88359375 0.1171875 0.2328125