2 0.390625 0.43125 0.125 0.19375
2 0.34921875 0.55859375 0.16875 0.0796875
2 0.51640625 0.63984375 0.1765625 0.184375
2 0.35703125 0.640625 0.0953125 0.0875
2 0.19921875 0.84453125 0.3546875 0.2890625
2 0.1015625 0.20390625 0.203125 0.1984375
2 0.2515625 0.11640625 0.175 0.1171875
2 0.190625 0.22265625 0.1171875 0.1640625
2 0.31640625 0.2375 0.215625 0.1015625
2 0.66796875 0.50390625 0.1953125 0.103125
2 0.50546875 0.503125 0.1234375 0.0625
2 0.77578125 0.34296875 0.2578125 0.1265625
2 0.74609375 0.39765625 0.0640625 0.0984375
2 0.9359375 0.42734375 0.0578125 0.090625
2 0.9078125 0.565625 0.096875 0.1453125
2 0.96640625 0.30625 0.0671875 0.103125
2 0.7359375 0.90703125 0.1796875 0.0859375
2 0.75390625 0.78046875 0.0984375 0.1140625
2 0.86484375 0.80078125 0.103125 0.125
2 0.47734375 0.88125 0.171875 0.08125
2 0.6109375 0.85078125 0.0859375 0.08125
2 0.76171875 0.5921875 0.0765625 0.121875
2 0.1578125 0.35859375 0.2 0.1375
2 0.071875 0.67421875 0.14375 0.1390625