2 0.45625 0.63359375 0.128125 0.284375
2 0.61328125 0.57578125 0.2015625 0.1484375
2 0.5734375 0.45546875 0.2125 0.065625
2 0.64609375 0.41171875 0.2125 0.2171875
2 0.3703125 0.50234375 0.1453125 0.0984375
2 0.43828125 0.34609375 0.1125 0.2265625
2 0.45 0.18359375 0.2484375 0.1703125
2 0.23046875 0.3140625 0.3484375 0.115625
2 0.13046875 0.46796875 0.259375 0.31875
2 0.23046875 0.68046875 0.1859375 0.16875
2 0.0921875 0.71328125 0.184375 0.159375
2 0.1140625 0.8578125 0.1421875 0.2078125
2 0.2609375 0.40703125 0.175 0.1125
2 0.1265625 0.153125 0.1859375 0.115625
2 0.1296875 0.090625 0.259375 0.1109375
2 0.6828125 0.2546875 0.19375 0.0828125
2 0.346875 0.70859375 0.078125 0.11875