2 0.5078125 0.309375 0.1625 0.403125
2 0.3078125 0.5796875 0.384375 0.125
2 0.73671875 0.58125 0.3921875 0.1234375
2 0.47734375 0.72265625 0.15625 0.3359375
2 0.2109375 0.6375 0.221875 0.284375
2 0.23046875 0.778125 0.115625 0.1890625
2 0.8234375 0.6984375 0.1984375 0.259375
2 0.103125 0.25546875 0.20625 0.0765625
2 0.21328125 0.32890625 0.090625 0.1625
2 0.21171875 0.1296875 0.0890625 0.1734375
2 0.36640625 0.2046875 0.1921875 0.1171875
2 0.75859375 0.17578125 0.19375 0.1
2 0.71015625 0.29453125 0.1984375 0.1046875
2 0.2578125 0.47109375 0.4234375 0.109375
2 0.3421875 0.3328125 0.1328125 0.0578125