2 0.51015625 0.5828125 0.084375 0.2171875
2 0.68203125 0.51328125 0.25 0.075
2 0.6515625 0.42734375 0.2546875 0.0625
2 0.5203125 0.3328125 0.084375 0.165625
2 0.38828125 0.39609375 0.2171875 0.0625
2 0.48671875 0.4734375 0.06875 0.1171875
2 0.34765625 0.52421875 0.2171875 0.09375
2 0.32109375 0.5 0.046875 0.1015625
2 0.42890625 0.73359375 0.16875 0.109375
2 0.3734375 0.875 0.1546875 0.171875
2 0.16015625 0.8859375 0.1359375 0.1484375
2 0.72421875 0.9375 0.09375 0.125
2 0.86328125 0.93046875 0.18125 0.1390625
2 0.80078125 0.80546875 0.09375 0.1109375
2 0.63203125 0.821875 0.1828125 0.0703125
2 0.225 0.65546875 0.15625 0.053125
2 0.321875 0.62109375 0.053125 0.0921875
2 0.26953125 0.725 0.103125 0.0953125