19 0.075 0.778125 0.115625 0.0921875
19 0.2328125 0.77265625 0.128125 0.0921875
19 0.16796875 0.6515625 0.10625 0.09375
19 0.2015625 0.553125 0.1640625 0.115625
19 0.24375 0.446875 0.084375 0.0671875
19 0.22109375 0.390625 0.1484375 0.1125
19 0.45546875 0.40234375 0.1375 0.1078125
19 0.3671875 0.45234375 0.0984375 0.0859375
19 0.4765625 0.3046875 0.13125 0.1046875
19 0.41796875 0.2484375 0.1 0.075
19 0.584375 0.18671875 0.1140625 0.0890625
19 0.93359375 0.0984375 0.1140625 0.0796875
19 0.87578125 0.26015625 0.0890625 0.059375
19 0.5859375 0.31015625 0.090625 0.0828125
19 0.69609375 0.31484375 0.1078125 0.075
19 0.73203125 0.421875 0.13125 0.09375
19 0.63125 0.5171875 0.115625 0.0984375
19 0.53515625 0.590625 0.146875 0.1015625
19 0.3703125 0.64296875 0.1453125 0.103125
19 0.71875 0.609375 0.1109375 0.084375
19 0.8703125 0.36953125 0.0953125 0.0671875