25 0.44921875 0.7015625 0.290625 0.209375
25 0.59296875 0.53125 0.1703125 0.1328125
25 0.7578125 0.43203125 0.2375 0.196875
25 0.78359375 0.653125 0.165625 0.121875
25 0.67734375 0.775 0.13125 0.1
25 0.5296875 0.834375 0.103125 0.08125
25 0.596875 0.95625 0.1046875 0.0875
25 0.27421875 0.925 0.2109375 0.1421875
25 0.2015625 0.70234375 0.1609375 0.1328125
25 0.684375 0.259375 0.265625 0.2203125
25 0.4125 0.3 0.171875 0.2234375
25 0.36796875 0.07734375 0.29375 0.1546875
25 0.91171875 0.9578125 0.103125 0.08125
25 0.953125 0.9109375 0.09375 0.0765625
25 0.4515625 0.934375 0.15625 0.13125