19 0.65390625 0.94140625 0.1328125 0.1171875
19 0.57109375 0.903125 0.0765625 0.0671875
19 0.675 0.81953125 0.1125 0.0859375
19 0.6515625 0.7375 0.1296875 0.103125
19 0.596875 0.68359375 0.0859375 0.0703125
19 0.46875 0.74921875 0.109375 0.0828125
19 0.42890625 0.63515625 0.128125 0.1015625
19 0.36796875 0.70390625 0.0921875 0.0734375
19 0.496875 0.58515625 0.06875 0.0515625
19 0.5875 0.596875 0.1015625 0.09375
19 0.484375 0.51796875 0.115625 0.0953125
19 0.3984375 0.4453125 0.1140625 0.084375
19 0.74140625 0.6046875 0.1046875 0.09375
19 0.9390625 0.53671875 0.1 0.0640625
19 0.84296875 0.58828125 0.1015625 0.0890625
19 0.88125 0.4640625 0.0828125 0.065625
19 0.60078125 0.396875 0.0828125 0.0625
19 0.5015625 0.40546875 0.09375 0.078125
19 0.39921875 0.3625 0.1125 0.0765625
19 0.396875 0.44453125 0.1125 0.0828125
19 0.278125 0.41875 0.13125 0.0921875
19 0.29609375 0.32734375 0.096875 0.075
19 0.1765625 0.27734375 0.0953125 0.065625
19 0.1828125 0.4828125 0.1125 0.0765625
19 0.05234375 0.540625 0.103125 0.075
19 0.13828125 0.6015625 0.146875 0.1015625
19 0.02265625 0.62734375 0.0234375 0.0421875
19 0.1203125 0.70234375 0.125 0.08125
19 0.2234375 0.68203125 0.1171875 0.084375
19 0.12109375 0.77109375 0.1 0.06875
19 0.34375 0.82734375 0.1234375 0.1015625
19 0.2421875 0.22421875 0.090625 0.0546875