19 0.053125 0.3375 0.10625 0.1296875
19 0.09140625 0.4234375 0.06875 0.075
19 0.1671875 0.6484375 0.1046875 0.125
19 0.2234375 0.8703125 0.0671875 0.096875
19 0.2921875 0.87421875 0.08125 0.115625
19 0.390625 0.84921875 0.103125 0.1421875
19 0.453125 0.9390625 0.078125 0.1109375
19 0.17578125 0.321875 0.090625 0.1125
19 0.24375 0.525 0.0828125 0.1078125
19 0.290625 0.625 0.0734375 0.09375
19 0.3578125 0.56328125 0.0984375 0.1265625
19 0.40859375 0.4921875 0.0484375 0.071875
19 0.47421875 0.50859375 0.096875 0.1171875
19 0.546875 0.59375 0.0828125 0.1140625
19 0.58671875 0.4921875 0.0796875 0.0953125
19 0.628125 0.5921875 0.0765625 0.1109375
19 0.596875 0.39375 0.0625 0.078125
19 0.39609375 0.4046875 0.09375 0.0984375
19 0.38828125 0.253125 0.09375 0.1046875
19 0.45625 0.0578125 0.0625 0.096875
19 0.2578125 0.34296875 0.103125 0.1328125
19 0.575 0.7125 0.090625 0.1328125
19 0.665625 0.696875 0.0765625 0.1
19 0.71484375 0.815625 0.06875 0.0953125
19 0.7671875 0.75078125 0.053125 0.0890625
19 0.52890625 0.12109375 0.0640625 0.0921875