17 0.9078125 0.5765625 0.1515625 0.1703125
17 0.92890625 0.87265625 0.1015625 0.2375
17 0.67734375 0.6515625 0.2125 0.1390625
17 0.50703125 0.7359375 0.1796875 0.478125
17 0.5828125 0.35703125 0.234375 0.2
17 0.36015625 0.53203125 0.2109375 0.234375
17 0.4515625 0.17265625 0.0890625 0.2578125
17 0.38125 0.3109375 0.1265625 0.215625
17 0.29140625 0.08203125 0.1578125 0.1640625
17 0.090625 0.134375 0.0796875 0.26875
17 0.18671875 0.4734375 0.1609375 0.3609375
17 0.26171875 0.73515625 0.165625 0.23125