25 0.45546875 0.659375 0.21875 0.3140625
25 0.725 0.52734375 0.2359375 0.3296875
25 0.50390625 0.3140625 0.2015625 0.3078125
25 0.31171875 0.47890625 0.196875 0.30625
25 0.27890625 0.28359375 0.1703125 0.1484375
25 0.4015625 0.2 0.1296875 0.159375
25 0.39609375 0.86015625 0.0640625 0.0921875
25 0.3203125 0.85703125 0.075 0.0984375
25 0.18984375 0.8578125 0.11875 0.159375
25 0.07109375 0.615625 0.1421875 0.1953125
25 0.06171875 0.8875 0.1234375 0.2
25 0.56328125 0.89921875 0.084375 0.121875
25 0.90390625 0.8484375 0.09375 0.1515625