4 0.47109375 0.31328125 0.2578125 0.38125
4 0.2265625 0.50390625 0.45 0.1765625
4 0.74140625 0.49375 0.45 0.1796875
4 0.46328125 0.71796875 0.246875 0.4234375
4 0.7671875 0.2984375 0.25 0.2265625
4 0.2703125 0.19921875 0.2 0.125
4 0.271875 0.35390625 0.23125 0.1265625
4 0.2984375 0.66953125 0.1515625 0.1015625
4 0.11171875 0.72265625 0.203125 0.0734375
4 0.2328125 0.79140625 0.0875 0.1421875
4 0.15078125 0.9015625 0.1515625 0.1921875
4 0.83125 0.75 0.125 0.20625
4 0.7015625 0.72265625 0.1578125 0.190625
4 0.64453125 0.8703125 0.25625 0.1390625
4 0.2453125 0.86484375 0.2109375 0.0875