25 0.48359375 0.68203125 0.253125 0.1984375
25 0.30078125 0.48359375 0.240625 0.15625
25 0.46953125 0.5 0.084375 0.0671875
25 0.47109375 0.425 0.09375 0.08125
25 0.6734375 0.45390625 0.2640625 0.1609375
25 0.546875 0.32578125 0.253125 0.1453125
25 0.33359375 0.36328125 0.2046875 0.128125
25 0.15390625 0.26640625 0.2359375 0.159375
25 0.28984375 0.1625 0.1609375 0.0953125
25 0.16484375 0.0984375 0.159375 0.1078125
25 0.39296875 0.109375 0.209375 0.121875
25 0.29609375 0.6109375 0.20625 0.1359375
25 0.15625 0.37421875 0.16875 0.11875