2 0.5703125 0.53203125 0.33125 0.159375
2 0.6484375 0.29375 0.1703125 0.340625
2 0.7875 0.384375 0.1 0.2421875
2 0.87734375 0.50234375 0.1390625 0.146875
2 0.79140625 0.665625 0.078125 0.2375
2 0.80234375 0.865625 0.2734375 0.1984375
2 0.9359375 0.703125 0.1078125 0.30625
2 0.6703125 0.7921875 0.165625 0.3859375
2 0.50625 0.81484375 0.15 0.0734375
2 0.41796875 0.62421875 0.309375 0.15
2 0.33515625 0.90078125 0.075 0.1984375
2 0.23203125 0.73046875 0.2109375 0.096875
2 0.246875 0.28046875 0.225 0.2265625
2 0.38671875 0.23046875 0.0703125 0.265625
2 0.45390625 0.184375 0.0890625 0.2109375
2 0.321875 0.471875 0.1328125 0.159375
2 0.76171875 0.20390625 0.153125 0.1453125
2 0.85625 0.33984375 0.071875 0.1890625
2 0.15546875 0.4453125 0.2046875 0.1140625