25 0.51328125 0.36171875 0.2140625 0.159375
25 0.2875 0.3203125 0.215625 0.1828125
25 0.19140625 0.45546875 0.1578125 0.1421875
25 0.08671875 0.346875 0.1734375 0.15
25 0.5171875 0.58515625 0.315625 0.2671875
25 0.3140625 0.6921875 0.1703125 0.1390625
25 0.40625 0.896875 0.2796875 0.20625
25 0.12734375 0.7765625 0.14375 0.125
25 0.12734375 0.91015625 0.13125 0.1125
25 0.2234375 0.6484375 0.1203125 0.1140625
25 0.36640625 0.4265625 0.1953125 0.146875
25 0.4984375 0.2484375 0.1125 0.0796875
25 0.596875 0.26171875 0.1109375 0.0875
25 0.5765625 0.1390625 0.23125 0.1859375
25 0.1640625 0.06328125 0.178125 0.1265625
25 0.39296875 0.0578125 0.1640625 0.115625
25 0.0875 0.21640625 0.1484375 0.0984375
25 0.834375 0.26875 0.1515625 0.1328125
25 0.9484375 0.10546875 0.103125 0.1421875
25 0.85546875 0.91953125 0.246875 0.1609375