19 0.63046875 0.88828125 0.1625 0.221875
19 0.50234375 0.83359375 0.0859375 0.1140625
19 0.49375 0.65625 0.121875 0.14375
19 0.53359375 0.5203125 0.1484375 0.1984375
19 0.3984375 0.91953125 0.15 0.1609375
19 0.2578125 0.67890625 0.1234375 0.1765625
19 0.39375 0.53984375 0.1203125 0.1875
19 0.4125 0.31484375 0.121875 0.1453125
19 0.33359375 0.23671875 0.0828125 0.128125
19 0.53125 0.16171875 0.1359375 0.1796875
19 0.6765625 0.16640625 0.1265625 0.1578125
19 0.6734375 0.3125 0.121875 0.1484375
19 0.68046875 0.471875 0.1703125 0.215625
19 0.81015625 0.31875 0.1515625 0.23125
19 0.934375 0.309375 0.13125 0.190625
19 0.86796875 0.59375 0.140625 0.1625