2 0.41328125 0.51171875 0.2203125 0.084375
2 0.4828125 0.34375 0.0765625 0.2609375
2 0.56875 0.37109375 0.0609375 0.253125
2 0.6640625 0.5015625 0.1640625 0.0828125
2 0.59765625 0.6421875 0.0625 0.196875
2 0.52109375 0.5375 0.1171875 0.071875
2 0.4703125 0.66953125 0.0953125 0.2234375
2 0.32578125 0.55546875 0.1828125 0.0703125
2 0.33828125 0.7890625 0.053125 0.1625
2 0.2671875 0.74921875 0.096875 0.1015625
2 0.11875 0.6421875 0.178125 0.159375
2 0.1015625 0.86171875 0.153125 0.1421875
2 0.06484375 0.15078125 0.1296875 0.1703125
2 0.17109375 0.37890625 0.0734375 0.19375