2 0.50546875 0.590625 0.190625 0.4265625
2 0.77890625 0.46484375 0.4265625 0.2140625
2 0.69765625 0.32421875 0.303125 0.1125
2 0.55078125 0.1828125 0.184375 0.23125
2 0.34921875 0.3203125 0.3125 0.090625
2 0.1171875 0.28515625 0.234375 0.3734375
2 0.3125 0.08515625 0.4171875 0.1515625
2 0.77890625 0.88671875 0.2359375 0.225
2 0.90625 0.28125 0.1734375 0.1953125
2 0.378125 0.71015625 0.1515625 0.334375
2 0.18125 0.6 0.0734375 0.184375
2 0.09609375 0.78359375 0.1921875 0.078125
2 0.284375 0.89296875 0.103125 0.1921875
2 0.83828125 0.75 0.3015625 0.0796875
2 0.896875 0.6453125 0.20625 0.090625
2 0.7421875 0.1515625 0.20625 0.0875