16 0.33671875 0.58515625 0.1078125 0.096875
16 0.39609375 0.5125 0.1484375 0.0953125
16 0.2484375 0.5171875 0.109375 0.0796875
16 0.2671875 0.61953125 0.0875 0.090625
16 0.42578125 0.63046875 0.13125 0.1140625
16 0.5578125 0.615625 0.109375 0.1234375
16 0.58828125 0.52578125 0.0796875 0.059375
16 0.4921875 0.53671875 0.1015625 0.0546875
16 0.69296875 0.5453125 0.10625 0.0875
16 0.7546875 0.6015625 0.078125 0.0578125
16 0.67265625 0.61328125 0.0859375 0.053125
16 0.73984375 0.678125 0.103125 0.10625
16 0.84609375 0.628125 0.1265625 0.0953125
16 0.86328125 0.46953125 0.1640625 0.1046875
16 0.89453125 0.39921875 0.109375 0.0609375
16 0.853125 0.33828125 0.1375 0.0921875