16 0.28984375 0.565625 0.0953125 0.0921875
16 0.21640625 0.5015625 0.10625 0.075
16 0.36171875 0.503125 0.1546875 0.0890625
16 0.38125 0.63046875 0.13125 0.1234375
16 0.52578125 0.61875 0.10625 0.11875
16 0.5640625 0.53125 0.078125 0.05625
16 0.66875 0.55546875 0.1046875 0.0859375
16 0.72421875 0.6125 0.078125 0.0546875
16 0.64453125 0.621875 0.0921875 0.0515625
16 0.7046875 0.69140625 0.1015625 0.10625
16 0.85234375 0.49453125 0.15625 0.1015625
16 0.88046875 0.42578125 0.1078125 0.059375
16 0.84296875 0.36484375 0.13125 0.0890625