25 0.87734375 0.5703125 0.1828125 0.234375
25 0.765625 0.49375 0.0796875 0.109375
25 0.75390625 0.590625 0.084375 0.115625
25 0.653125 0.509375 0.1578125 0.2125
25 0.69453125 0.2828125 0.1828125 0.2140625
25 0.66796875 0.0859375 0.15 0.171875
25 0.56015625 0.1875 0.1421875 0.1609375
25 0.571875 0.36328125 0.1203125 0.19375
25 0.42890625 0.50859375 0.2625 0.3109375
25 0.32109375 0.31171875 0.140625 0.1671875
25 0.2375 0.12734375 0.1265625 0.1421875
25 0.3625 0.22265625 0.115625 0.1234375
25 0.24765625 0.05546875 0.128125 0.1109375
25 0.11171875 0.1265625 0.1328125 0.13125
25 0.16796875 0.090625 0.0453125 0.0703125
25 0.1171875 0.403125 0.2125 0.278125
25 0.94375 0.1578125 0.1125 0.178125
25 0.94921875 0.38984375 0.1015625 0.16875
25 0.75078125 0.20234375 0.15 0.1921875
25 0.59921875 0.7390625 0.1140625 0.259375
25 0.0890625 0.85 0.1765625 0.25
25 0.90703125 0.94609375 0.1390625 0.10625
25 0.74296875 0.8328125 0.13125 0.14375
25 0.53828125 0.084375 0.1453125 0.16875