2 0.49765625 0.478125 0.46875 0.2109375
2 0.46640625 0.8421875 0.2546875 0.1265625
2 0.34921875 0.7296875 0.096875 0.1703125
2 0.5703125 0.0984375 0.146875 0.0890625
2 0.66953125 0.23515625 0.1328125 0.1078125
2 0.8328125 0.20859375 0.140625 0.125
2 0.87734375 0.52734375 0.23125 0.19375
2 0.846875 0.80078125 0.2203125 0.21875
2 0.67421875 0.609375 0.078125 0.1359375
2 0.22734375 0.59921875 0.05625 0.175
2 0.5265625 0.23515625 0.1 0.1296875
2 0.50234375 0.6328125 0.09375 0.128125
2 0.22734375 0.18359375 0.05625 0.1359375
2 0.67578125 0.80234375 0.0890625 0.1796875
2 0.4203125 0.1234375 0.125 0.071875