19 0.746875 0.63515625 0.1546875 0.1140625
19 0.503125 0.553125 0.1859375 0.1296875
19 0.88515625 0.49921875 0.115625 0.078125
19 0.8671875 0.29609375 0.1296875 0.0890625
19 0.63828125 0.21484375 0.1421875 0.0953125
19 0.484375 0.25859375 0.0703125 0.053125
19 0.39609375 0.190625 0.0859375 0.0640625
19 0.50234375 0.33203125 0.084375 0.0671875
19 0.38671875 0.33828125 0.1203125 0.0828125
19 0.60859375 0.35390625 0.0765625 0.05625
19 0.46875 0.40625 0.0875 0.0703125
19 0.7390625 0.51875 0.1265625 0.0671875
19 0.6703125 0.48203125 0.09375 0.065625
19 0.3328125 0.8703125 0.15 0.1
19 0.18515625 0.91328125 0.1171875 0.0984375
19 0.30390625 0.95234375 0.1078125 0.0953125
19 0.2125 0.48515625 0.0703125 0.0515625
19 0.1484375 0.503125 0.0828125 0.0546875
19 0.046875 0.5125 0.0890625 0.059375
19 0.2859375 0.39140625 0.0859375 0.0546875
19 0.396875 0.27578125 0.0875 0.05625
19 0.04765625 0.134375 0.0953125 0.0703125
19 0.5625 0.0734375 0.0890625 0.059375