4 0.29296875 0.51640625 0.3875 0.2609375
4 0.48671875 0.75546875 0.175 0.4609375
4 0.69296875 0.52109375 0.4140625 0.240625
4 0.4734375 0.25078125 0.175 0.45
4 0.278125 0.2234375 0.2296875 0.253125
4 0.18125 0.71875 0.1265625 0.2109375
4 0.334375 0.71796875 0.125 0.228125
4 0.64765625 0.6859375 0.1015625 0.1515625
4 0.69921875 0.875 0.065625 0.2015625
4 0.7640625 0.75078125 0.1375 0.0859375
4 0.8359375 0.74375 0.0875 0.196875
4 0.78203125 0.90546875 0.125 0.096875
4 0.8765625 0.8328125 0.1828125 0.146875
4 0.84140625 0.34765625 0.134375 0.2671875
4 0.7 0.29296875 0.190625 0.1515625
4 0.725 0.16015625 0.1984375 0.125