2 0.521875 0.49765625 0.2109375 0.46875
2 0.1578125 0.46640625 0.1265625 0.2546875
2 0.2703125 0.34921875 0.1703125 0.096875
2 0.9015625 0.5703125 0.0890625 0.146875
2 0.76484375 0.66953125 0.1078125 0.1328125
2 0.79140625 0.8328125 0.125 0.140625
2 0.47265625 0.87734375 0.19375 0.23125
2 0.19921875 0.846875 0.21875 0.2203125
2 0.390625 0.67421875 0.1359375 0.078125
2 0.40078125 0.22734375 0.175 0.05625
2 0.76484375 0.5265625 0.1296875 0.1
2 0.3671875 0.50234375 0.128125 0.09375
2 0.81640625 0.22734375 0.1359375 0.05625
2 0.19765625 0.67578125 0.1796875 0.0890625
2 0.8765625 0.4203125 0.071875 0.125