19 0.48515625 0.490625 0.1625 0.13125
19 0.53046875 0.31171875 0.159375 0.121875
19 0.56484375 0.41875 0.09375 0.0671875
19 0.6859375 0.42734375 0.1375 0.121875
19 0.72734375 0.53359375 0.128125 0.0890625
19 0.8265625 0.57890625 0.1890625 0.1390625
19 0.87734375 0.69140625 0.153125 0.1234375
19 0.75234375 0.8640625 0.11875 0.0921875
19 0.56796875 0.6640625 0.146875 0.1171875
19 0.41796875 0.80234375 0.1734375 0.1375
19 0.09140625 0.75078125 0.1375 0.0984375
19 0.415625 0.6421875 0.121875 0.0984375
19 0.08359375 0.6359375 0.1640625 0.1140625
19 0.375 0.153125 0.15625 0.0875
19 0.39296875 0.24140625 0.146875 0.096875
19 0.88828125 0.4078125 0.125 0.13125
19 0.21953125 0.58828125 0.1734375 0.109375
19 0.2328125 0.2578125 0.1578125 0.1015625