19 0.09296875 0.23203125 0.1140625 0.090625
19 0.25 0.2390625 0.128125 0.09375
19 0.18515625 0.35703125 0.10625 0.09375
19 0.3859375 0.36875 0.1421875 0.1015625
19 0.2171875 0.45625 0.1640625 0.1125
19 0.25859375 0.5625 0.084375 0.0703125
19 0.38125 0.55625 0.096875 0.0890625
19 0.4703125 0.60859375 0.1359375 0.109375
19 0.234375 0.61875 0.1484375 0.1109375
19 0.48828125 0.70546875 0.1296875 0.103125
19 0.42890625 0.7609375 0.1015625 0.075
19 0.5953125 0.82265625 0.1140625 0.0875
19 0.44921875 0.84921875 0.10625 0.0890625
19 0.70859375 0.69609375 0.10625 0.075
19 0.94375 0.915625 0.1125 0.08125
19 0.74375 0.58984375 0.134375 0.0921875
19 0.64609375 0.49296875 0.1140625 0.096875
19 0.5484375 0.4203125 0.146875 0.1
19 0.73046875 0.4015625 0.1046875 0.0828125
19 0.5984375 0.70078125 0.090625 0.0828125
19 0.715625 0.88828125 0.0828125 0.065625
19 0.8875 0.75234375 0.0890625 0.0625
19 0.94375 0.8328125 0.0859375 0.0515625
19 0.8828125 0.64453125 0.096875 0.065625