19 0.34765625 0.4859375 0.1515625 0.11875
19 0.5140625 0.5421875 0.1625 0.1140625
19 0.32578125 0.56328125 0.178125 0.0875
19 0.61015625 0.42421875 0.1453125 0.1140625
19 0.38828125 0.37109375 0.1453125 0.1046875
19 0.65625 0.29453125 0.1359375 0.0828125
19 0.2203125 0.61640625 0.078125 0.0578125
19 0.39140625 0.63359375 0.075 0.0484375
19 0.29921875 0.81015625 0.13125 0.0890625
19 0.1796875 0.9078125 0.23125 0.175
19 0.7625 0.7796875 0.09375 0.071875
19 0.84375 0.746875 0.065625 0.0515625
19 0.621875 0.09453125 0.078125 0.0578125