19 0.621875 0.91328125 0.0765625 0.05625
19 0.3859375 0.634375 0.1453125 0.1109375
19 0.65546875 0.7125 0.1375 0.0859375
19 0.60859375 0.5828125 0.14375 0.115625
19 0.34453125 0.52109375 0.15625 0.11875
19 0.51328125 0.4640625 0.1640625 0.1171875
19 0.38984375 0.371875 0.0734375 0.046875
19 0.21796875 0.38828125 0.0828125 0.059375
19 0.296875 0.19453125 0.1359375 0.0859375
19 0.17265625 0.0953125 0.215625 0.18125
19 0.76171875 0.2234375 0.0921875 0.0703125
19 0.84296875 0.25859375 0.0640625 0.046875