0 0.6609375 0.80625 0.10625 0.128125
0 0.58046875 0.70078125 0.1109375 0.115625
0 0.63828125 0.53046875 0.0609375 0.0515625
0 0.55390625 0.55078125 0.059375 0.0359375
0 0.5296875 0.6109375 0.078125 0.0625
0 0.47265625 0.6078125 0.109375 0.059375
0 0.55703125 0.52109375 0.0671875 0.0421875
0 0.66953125 0.5734375 0.1140625 0.053125
0 0.59140625 0.59609375 0.059375 0.0546875
0 0.6625 0.63125 0.1109375 0.0671875
0 0.71171875 0.6828125 0.18125 0.0796875
0 0.41484375 0.76328125 0.1265625 0.096875
0 0.49765625 0.76484375 0.1171875 0.125