2 0.45234375 0.3671875 0.1765625 0.39375
2 0.2859375 0.56796875 0.290625 0.0921875
2 0.21328125 0.43671875 0.3515625 0.19375
2 0.61953125 0.59765625 0.3296875 0.1015625
2 0.4328125 0.78203125 0.14375 0.35625
2 0.671875 0.7078125 0.31875 0.1515625
2 0.77890625 0.8328125 0.2234375 0.2046875
2 0.22109375 0.81875 0.275 0.1703125
2 0.61171875 0.42421875 0.1703125 0.221875
2 0.81328125 0.14921875 0.2015625 0.2984375
2 0.5546875 0.06015625 0.3828125 0.1203125
2 0.20546875 0.1390625 0.121875 0.11875
2 0.19140625 0.22265625 0.1453125 0.05
2 0.3546875 0.17265625 0.15625 0.071875
2 0.153125 0.315625 0.2109375 0.0828125
2 0.33828125 0.04140625 0.228125 0.0828125