21 0.509375 0.64765625 0.1328125 0.2046875
21 0.54765625 0.41015625 0.090625 0.1515625
21 0.4765625 0.35859375 0.0703125 0.175
21 0.2828125 0.265625 0.0671875 0.15625
21 0.22109375 0.44921875 0.1046875 0.10625
21 0.34375 0.47890625 0.084375 0.11875
21 0.34765625 0.30625 0.0734375 0.1265625
21 0.628125 0.321875 0.096875 0.2640625
21 0.80078125 0.425 0.14375 0.14375
21 0.68671875 0.46484375 0.10625 0.1203125
21 0.72734375 0.71875 0.1609375 0.23125
21 0.6046875 0.61015625 0.0625 0.125
21 0.57890625 0.81484375 0.09375 0.3109375
21 0.8578125 0.81796875 0.09375 0.1546875