17 0.671875 0.27734375 0.1484375 0.2640625
17 0.8390625 0.28046875 0.121875 0.1921875
17 0.590625 0.0609375 0.1828125 0.121875
17 0.88984375 0.0328125 0.2203125 0.065625
17 0.76640625 0.09140625 0.2109375 0.0890625
17 0.36171875 0.4015625 0.2140625 0.234375
17 0.7578125 0.4765625 0.484375 0.190625
17 0.18671875 0.53984375 0.271875 0.0875
17 0.5625 0.634375 0.2484375 0.21875
17 0.0890625 0.696875 0.178125 0.159375
17 0.32578125 0.6140625 0.20625 0.140625
17 0.15625 0.8984375 0.28125 0.08125
17 0.76796875 0.7203125 0.24375 0.159375
17 0.50859375 0.790625 0.3515625 0.1625