2 0.4171875 0.48984375 0.2171875 0.084375
2 0.48671875 0.31796875 0.075 0.25
2 0.57265625 0.3484375 0.0625 0.2546875
2 0.6671875 0.4796875 0.165625 0.084375
2 0.60390625 0.61171875 0.0625 0.2171875
2 0.5265625 0.51328125 0.1171875 0.06875
2 0.47578125 0.65234375 0.09375 0.2171875
2 0.5 0.67890625 0.1015625 0.046875
2 0.26640625 0.57109375 0.109375 0.16875
2 0.125 0.6265625 0.171875 0.1546875
2 0.1140625 0.83984375 0.1484375 0.1359375
2 0.0625 0.27578125 0.125 0.09375
2 0.06953125 0.13671875 0.1390625 0.18125
2 0.19453125 0.19921875 0.1109375 0.09375
2 0.178125 0.36796875 0.0703125 0.1828125
2 0.34453125 0.775 0.053125 0.15625
2 0.37890625 0.678125 0.0921875 0.053125
2 0.275 0.73046875 0.0953125 0.103125