2 0.48125 0.54765625 0.5671875 0.2390625
2 0.11171875 0.5859375 0.2234375 0.1765625
2 0.21328125 0.37578125 0.1125 0.2734375
2 0.30390625 0.26953125 0.190625 0.1140625
2 0.51328125 0.84375 0.153125 0.084375
2 0.66015625 0.35625 0.1234375 0.08125
2 0.5 0.29921875 0.1109375 0.0828125
2 0.48828125 0.16171875 0.125 0.1421875
2 0.3609375 0.78984375 0.1140625 0.1171875
2 0.45546875 0.75 0.065625 0.175
2 0.803125 0.32109375 0.1125 0.1171875
2 0.52265625 0.1921875 0.08125 0.1421875
2 0.59375 0.9234375 0.06875 0.1125