2 0.49296875 0.30859375 0.15625 0.396875
2 0.69453125 0.56875 0.3953125 0.109375
2 0.5203125 0.71875 0.153125 0.315625
2 0.78671875 0.63359375 0.2203125 0.2875
2 0.26640625 0.5765625 0.4109375 0.121875
2 0.7671875 0.76875 0.1234375 0.1859375
2 0.17734375 0.690625 0.1984375 0.253125
2 0.7859375 0.12421875 0.0921875 0.171875
2 0.7859375 0.328125 0.090625 0.1609375
2 0.2875 0.29296875 0.1921875 0.1015625
2 0.2484375 0.17265625 0.225 0.103125
2 0.253125 0.496875 0.346875 0.0984375
2 0.75859375 0.46875 0.390625 0.1140625
2 0.66171875 0.3296875 0.128125 0.05625
2 0.8984375 0.253125 0.203125 0.0734375