17 0.5828125 0.9109375 0.1671875 0.1453125
17 0.8796875 0.9390625 0.23125 0.103125
17 0.3640625 0.59375 0.2015625 0.2328125
17 0.75859375 0.52265625 0.45 0.1890625
17 0.54375 0.37109375 0.234375 0.21875
17 0.1875 0.4609375 0.2625 0.0875
17 0.13828125 0.0984375 0.275 0.0875
17 0.08828125 0.3015625 0.175 0.1609375
17 0.46953125 0.19375 0.340625 0.1671875
17 0.7453125 0.26875 0.240625 0.16875
17 0.31015625 0.390625 0.2078125 0.1296875
17 0.6609375 0.70234375 0.14375 0.2109375
17 0.8140625 0.6828125 0.1171875 0.1671875