2 0.403125 0.5109375 0.4234375 0.1875
2 0.5359375 0.225 0.209375 0.4125
2 0.67265625 0.31640625 0.10625 0.296875
2 0.81015625 0.4625 0.2375 0.190625
2 0.7109375 0.8859375 0.3609375 0.215625
2 0.2875 0.63203125 0.3375 0.153125
2 0.11484375 0.23203125 0.225 0.2375
2 0.67734375 0.66484375 0.0890625 0.3140625
2 0.246875 0.17109375 0.08125 0.3015625
2 0.39453125 0.82890625 0.1921875 0.075
2 0.71484375 0.10625 0.19375 0.1640625
2 0.84609375 0.275 0.0875 0.209375
2 0.34921875 0.1046875 0.0859375 0.2046875
2 0.17890625 0.440625 0.1296875 0.1828125
2 0.5640625 0.76484375 0.159375 0.465625
2 0.9171875 0.69296875 0.14375 0.38125