2 0.45234375 0.51875 0.2390625 0.5671875
2 0.4140625 0.88828125 0.1765625 0.2234375
2 0.62421875 0.78671875 0.2734375 0.1125
2 0.73046875 0.69609375 0.1140625 0.190625
2 0.15625 0.48671875 0.084375 0.153125
2 0.64375 0.33984375 0.08125 0.1234375
2 0.70078125 0.5 0.0828125 0.1109375
2 0.83828125 0.51171875 0.1421875 0.125
2 0.21015625 0.6390625 0.1171875 0.1140625
2 0.25 0.54453125 0.175 0.065625
2 0.67890625 0.196875 0.1171875 0.1125
2 0.8078125 0.47734375 0.1421875 0.08125
2 0.0765625 0.40625 0.1125 0.06875