19 0.2359375 0.26015625 0.2078125 0.165625
19 0.125 0.4484375 0.1390625 0.1375
19 0.190625 0.12734375 0.178125 0.1453125
19 0.525 0.21328125 0.1640625 0.13125
19 0.715625 0.08125 0.1984375 0.159375
19 0.6765625 0.265625 0.1359375 0.1078125
19 0.8875 0.328125 0.1828125 0.1265625
19 0.57890625 0.40625 0.1828125 0.1484375
19 0.47265625 0.47578125 0.1015625 0.0703125
19 0.34375 0.45390625 0.1453125 0.134375
19 0.48984375 0.59296875 0.165625 0.1296875
19 0.61875 0.68046875 0.1578125 0.1125
19 0.6109375 0.77265625 0.15625 0.1015625
19 0.77890625 0.6859375 0.1765625 0.1140625
19 0.3296875 0.33359375 0.13125 0.0984375
19 0.784375 0.5640625 0.1453125 0.1