4 0.484375 0.290625 0.2390625 0.3640625
4 0.73828125 0.44453125 0.41875 0.1640625
4 0.26640625 0.4609375 0.4140625 0.1625
4 0.50234375 0.6625 0.221875 0.3625
4 0.24609375 0.284375 0.2375 0.2046875
4 0.778125 0.5625 0.2328125 0.096875
4 0.77734375 0.7515625 0.0890625 0.1359375
4 0.88828125 0.87890625 0.146875 0.1671875
4 0.3921875 0.83203125 0.246875 0.134375
4 0.21015625 0.7171875 0.11875 0.19375
4 0.33359375 0.6921875 0.1484375 0.178125
4 0.70625 0.1828125 0.221875 0.134375
4 0.128125 0.9265625 0.1671875 0.1421875