16 0.296875 0.58203125 0.0984375 0.0984375
16 0.21640625 0.5109375 0.103125 0.078125
16 0.36484375 0.5109375 0.153125 0.0984375
16 0.3953125 0.62890625 0.128125 0.1171875
16 0.5375 0.60546875 0.10625 0.125
16 0.57265625 0.51640625 0.0796875 0.059375
16 0.47421875 0.525 0.096875 0.0515625
16 0.678125 0.53828125 0.1046875 0.084375
16 0.7375 0.596875 0.078125 0.0578125
16 0.65546875 0.6078125 0.0875 0.0515625
16 0.71953125 0.67421875 0.0984375 0.109375
16 0.85859375 0.484375 0.1640625 0.10625
16 0.88671875 0.41171875 0.1109375 0.0625
16 0.85234375 0.35 0.1375 0.09375