2 0.5078125 0.58515625 0.0671875 0.28125
2 0.4484375 0.4203125 0.1390625 0.0609375
2 0.5359375 0.29296875 0.0625 0.2328125
2 0.5796875 0.44609375 0.11875 0.0640625
2 0.6359375 0.4296875 0.1796875 0.084375
2 0.45703125 0.2359375 0.1171875 0.05
2 0.32265625 0.1515625 0.0484375 0.1671875
2 0.34609375 0.26171875 0.0875 0.059375
2 0.29765625 0.41171875 0.16875 0.0703125
2 0.45703125 0.60703125 0.05625 0.2953125
2 0.42265625 0.5890625 0.05625 0.2046875
2 0.4453125 0.17421875 0.115625 0.0859375
2 0.0796875 0.35390625 0.159375 0.1359375
2 0.0609375 0.70078125 0.121875 0.0828125
2 0.071875 0.8359375 0.14375 0.1953125
2 0.18984375 0.765625 0.1015625 0.090625
2 0.16796875 0.60703125 0.05625 0.203125
2 0.25546875 0.74140625 0.1515625 0.0953125
2 0.03828125 0.1671875 0.0765625 0.2265625
2 0.24765625 0.21875 0.103125 0.090625
2 0.42890625 0.278125 0.1109375 0.23125