2 0.17421875 0.35 0.1484375 0.190625
2 0.40390625 0.35625 0.159375 0.1875
2 0.17109375 0.48671875 0.16875 0.0625
2 0.28125 0.5765625 0.178125 0.1140625
2 0.146875 0.65234375 0.084375 0.1359375
2 0.25 0.67890625 0.228125 0.0984375
2 0.38984375 0.75859375 0.0828125 0.1078125
2 0.25234375 0.740625 0.2 0.134375
2 0.50859375 0.696875 0.128125 0.0953125
2 0.4484375 0.57109375 0.23125 0.1328125
2 0.75078125 0.47890625 0.2875 0.1
2 0.41328125 0.5171875 0.296875 0.0609375
2 0.5984375 0.35234375 0.121875 0.2265625
2 0.8015625 0.5859375 0.153125 0.246875
2 0.7515625 0.82734375 0.1890625 0.1796875
2 0.46796875 0.18984375 0.0671875 0.090625
2 0.340625 0.25859375 0.0546875 0.096875
2 0.671875 0.6796875 0.1765625 0.09375
2 0.53828125 0.7484375 0.10625 0.165625
2 0.9625 0.5484375 0.075 0.1765625