12 0.18046875 0.4484375 0.1265625 0.1296875
12 0.08515625 0.63046875 0.1015625 0.15625
12 0.19921875 0.74609375 0.121875 0.1203125
12 0.30390625 0.85625 0.109375 0.1703125
12 0.3328125 0.58515625 0.128125 0.171875
12 0.40546875 0.59609375 0.084375 0.1453125
12 0.40625 0.446875 0.1125 0.121875
12 0.5359375 0.4578125 0.065625 0.109375
12 0.596875 0.19921875 0.1125 0.1859375
12 0.52734375 0.2890625 0.0828125 0.1125
12 0.4703125 0.09140625 0.0921875 0.159375
12 0.165625 0.24765625 0.0859375 0.1296875
12 0.07890625 0.19453125 0.103125 0.153125
12 0.246875 0.1796875 0.084375 0.08125
12 0.28671875 0.228125 0.05 0.0828125
12 0.421875 0.1875 0.0703125 0.0828125
12 0.39609375 0.11875 0.0609375 0.0828125
12 0.46328125 0.3828125 0.090625 0.0953125
12 0.4734375 0.53046875 0.0640625 0.09375
12 0.68515625 0.65 0.090625 0.146875
12 0.67421875 0.4828125 0.0875 0.1390625
12 0.45234375 0.69921875 0.1109375 0.2109375
12 0.6265625 0.76796875 0.1484375 0.25625
12 0.81953125 0.71640625 0.1984375 0.2625
12 0.81328125 0.5078125 0.1296875 0.14375
12 0.8015625 0.296875 0.165625 0.26875