19 0.4328125 0.61171875 0.2109375 0.165625
19 0.39453125 0.47734375 0.1984375 0.1453125
19 0.25078125 0.4484375 0.134375 0.11875
19 0.08046875 0.465625 0.128125 0.084375
19 0.07421875 0.3140625 0.1484375 0.1375
19 0.60546875 0.74921875 0.225 0.14375
19 0.59765625 0.609375 0.1390625 0.115625
19 0.7453125 0.60234375 0.1578125 0.121875
19 0.621875 0.88671875 0.1984375 0.1609375
19 0.34453125 0.815625 0.16875 0.1375
19 0.634375 0.903125 0.0671875 0.0046875
19 0.75625 0.4734375 0.1875 0.140625
19 0.2578125 0.21953125 0.1828125 0.121875
19 0.45625 0.29765625 0.1578125 0.075
19 0.59765625 0.36171875 0.1421875 0.11875