2 0.69296875 0.37265625 0.3953125 0.271875
2 0.5921875 0.2546875 0.215625 0.3046875
2 0.2953125 0.315625 0.3625 0.3234375
2 0.68359375 0.6453125 0.3765625 0.2671875
2 0.25859375 0.62890625 0.4078125 0.2421875
2 0.81953125 0.15546875 0.203125 0.209375
2 0.49765625 0.159375 0.2953125 0.175
2 0.27421875 0.11171875 0.21875 0.203125
2 0.92109375 0.58203125 0.1484375 0.1671875
2 0.8265625 0.50859375 0.10625 0.2
2 0.059375 0.42421875 0.1171875 0.240625
2 0.16484375 0.403125 0.146875 0.2703125
2 0.44453125 0.6578125 0.14375 0.0984375