2 0.52265625 0.478125 0.5765625 0.2484375
2 0.34140625 0.66953125 0.125 0.0796875
2 0.1953125 0.71015625 0.1078125 0.1234375
2 0.703125 0.74453125 0.1796875 0.1171875
2 0.63515625 0.88671875 0.1046875 0.2015625
2 0.5765625 0.721875 0.059375 0.109375
2 0.7921875 0.6359375 0.1171875 0.28125
2 0.88359375 0.4171875 0.2328125 0.1734375
2 0.54453125 0.2671875 0.0640625 0.1890625
2 0.6375 0.21796875 0.1171875 0.1234375
2 0.48671875 0.1640625 0.1484375 0.0875
2 0.32578125 0.84765625 0.1453125 0.3046875
2 0.515625 0.86015625 0.1296875 0.153125
2 0.92578125 0.9109375 0.1390625 0.0796875