25 0.25703125 0.5171875 0.225 0.3125
25 0.5171875 0.6515625 0.203125 0.2953125
25 0.659375 0.475 0.196875 0.2984375
25 0.47578125 0.31171875 0.196875 0.2984375
25 0.584375 0.20234375 0.1265625 0.1578125
25 0.7015625 0.28984375 0.1640625 0.1484375
25 0.678125 0.05625 0.115625 0.1125
25 0.65703125 0.6828125 0.0953125 0.13125
25 0.578125 0.84765625 0.0640625 0.0921875
25 0.65078125 0.84375 0.0765625 0.09375
25 0.78046875 0.8484375 0.11875 0.1515625
25 0.90859375 0.61640625 0.159375 0.1890625
25 0.9125 0.88046875 0.1375 0.1921875