2 0.43671875 0.61796875 0.1828125 0.3984375
2 0.4234375 0.19765625 0.153125 0.359375
2 0.60859375 0.38984375 0.3203125 0.1015625
2 0.26796875 0.4140625 0.2796875 0.09375
2 0.190625 0.54375 0.3421875 0.1890625
2 0.659375 0.278125 0.3453125 0.1578125
2 0.58359375 0.56328125 0.1609375 0.2359375
2 0.225 0.1671875 0.284375 0.1671875
2 0.78203125 0.16015625 0.2265625 0.209375
2 0.784375 0.84765625 0.18125 0.3046875
2 0.525 0.93125 0.3703125 0.1265625
2 0.184375 0.840625 0.1234375 0.1171875
2 0.13828125 0.6625 0.2140625 0.0859375
2 0.3203125 0.94453125 0.2390625 0.0875