17 0.4265625 0.6578125 0.240625 0.20625
17 0.50078125 0.2546875 0.190625 0.4734375
17 0.90625 0.85 0.0765625 0.275
17 0.71484375 0.91484375 0.153125 0.165625
17 0.5578125 0.82890625 0.090625 0.2484375
17 0.634375 0.7 0.128125 0.1921875
17 0.65859375 0.46484375 0.215625 0.2390625
17 0.80078125 0.503125 0.1515625 0.3296875
17 0.8015625 0.728125 0.146875 0.171875
17 0.73125 0.2703125 0.1640625 0.2625
17 0.2953125 0.346875 0.2609375 0.14375
17 0.071875 0.43828125 0.14375 0.1828125
17 0.04609375 0.1265625 0.0921875 0.253125
17 0.29765625 0.1859375 0.19375 0.125