25 0.4890625 0.65234375 0.215625 0.159375
25 0.5015625 0.76484375 0.1140625 0.0796875
25 0.40625 0.753125 0.1203125 0.0828125
25 0.425 0.875 0.234375 0.1828125
25 0.71171875 0.69375 0.2125 0.18125
25 0.80703125 0.55859375 0.159375 0.140625
25 0.91171875 0.66640625 0.1765625 0.1484375
25 0.8734375 0.590625 0.071875 0.0625
25 0.63125 0.58359375 0.2 0.1375
25 0.4875 0.43203125 0.315625 0.2640625
25 0.68203125 0.32109375 0.1671875 0.140625
25 0.8671875 0.23828125 0.1453125 0.1265625
25 0.86875 0.11015625 0.13125 0.1203125
25 0.903125 0.16875 0.071875 0.04375
25 0.94375 0.25 0.1125 0.128125
25 0.91171875 0.7953125 0.15 0.096875
25 0.834375 0.94375 0.184375 0.1125
25 0.6046875 0.94921875 0.16875 0.1015625
25 0.7078125 0.85 0.1296875 0.1140625
25 0.1671875 0.74296875 0.153125 0.1296875
25 0.25859375 0.59921875 0.259375 0.11875
25 0.59375 0.121875 0.2765625 0.2078125
25 0.1484375 0.08984375 0.2484375 0.1796875
25 0.771875 0.3640625 0.1265625 0.1140625
25 0.053125 0.90703125 0.10625 0.1375