19 0.90546875 0.61484375 0.0546875 0.075
19 0.7125 0.646875 0.0828125 0.1296875
19 0.5890625 0.60234375 0.109375 0.1328125
19 0.6375 0.3921875 0.10625 0.1359375
19 0.52890625 0.35234375 0.1109375 0.1453125
19 0.4765625 0.51171875 0.109375 0.153125
19 0.3875 0.3953125 0.0453125 0.0703125
19 0.45234375 0.33203125 0.071875 0.1703125
19 0.21875 0.3078125 0.0828125 0.128125
19 0.13515625 0.1984375 0.165625 0.2046875
19 0.24765625 0.75078125 0.065625 0.0890625
19 0.27890625 0.8265625 0.046875 0.0609375
19 0.403125 0.23125 0.0578125 0.078125