19 0.63125 0.89140625 0.1609375 0.2171875
19 0.503125 0.8421875 0.0875 0.1140625
19 0.39921875 0.925 0.15 0.15
19 0.259375 0.69140625 0.1234375 0.175
19 0.49375 0.665625 0.1203125 0.140625
19 0.53203125 0.5296875 0.146875 0.1984375
19 0.3875 0.55078125 0.10625 0.1828125
19 0.41171875 0.32578125 0.121875 0.1421875
19 0.5296875 0.17265625 0.134375 0.178125
19 0.678125 0.4796875 0.16875 0.215625
19 0.6703125 0.3234375 0.1203125 0.15
19 0.67265625 0.17734375 0.1234375 0.15625
19 0.86796875 0.5984375 0.140625 0.1640625
19 0.9328125 0.3140625 0.134375 0.1875
19 0.80234375 0.3234375 0.140625 0.2234375