19 0.38359375 0.63828125 0.1421875 0.109375
19 0.3421875 0.52421875 0.1515625 0.1171875
19 0.509375 0.46953125 0.1625 0.115625
19 0.321875 0.4453125 0.1765625 0.0796875
19 0.21796875 0.39375 0.0828125 0.05625
19 0.38828125 0.378125 0.0734375 0.0515625
19 0.60234375 0.5875 0.140625 0.1125
19 0.56953125 0.64140625 0.09375 0.0734375
19 0.64921875 0.715625 0.1359375 0.084375
19 0.75859375 0.23046875 0.0921875 0.0703125
19 0.8390625 0.26328125 0.065625 0.046875
19 0.29765625 0.20078125 0.1328125 0.084375
19 0.61640625 0.91328125 0.0765625 0.059375
19 0.1703125 0.10625 0.215625 0.175