25 0.0921875 0.28828125 0.178125 0.2828125
25 0.27109375 0.45546875 0.1375 0.23125
25 0.34921875 0.215625 0.2296875 0.29375
25 0.44375 0.1046875 0.11875 0.1203125
25 0.509375 0.05859375 0.11875 0.1171875
25 0.4421875 0.51171875 0.2171875 0.3125
25 0.6609375 0.31015625 0.278125 0.3421875
25 0.60625 0.096875 0.1109375 0.1296875
25 0.74375 0.76328125 0.35625 0.453125
25 0.88125 0.45078125 0.2375 0.4375
25 0.07890625 0.80859375 0.0671875 0.1140625
25 0.025 0.7359375 0.05 0.0875
25 0.11796875 0.92109375 0.053125 0.0921875
25 0.16796875 0.86171875 0.0703125 0.084375
25 0.190625 0.7484375 0.0921875 0.128125
25 0.24296875 0.83984375 0.0609375 0.1015625
25 0.2078125 0.9328125 0.090625 0.13125
25 0.328125 0.91875 0.084375 0.1203125