19 0.1140625 0.628125 0.2234375 0.16875
19 0.0796875 0.39609375 0.159375 0.15
19 0.34453125 0.49140625 0.1421875 0.121875
19 0.16796875 0.5 0.115625 0.0859375
19 0.4828125 0.53125 0.2 0.15
19 0.53046875 0.6796875 0.215625 0.1734375
19 0.40859375 0.8671875 0.1640625 0.140625
19 0.69296875 0.93359375 0.1921875 0.1328125
19 0.68515625 0.80859375 0.2328125 0.1515625
19 0.6890625 0.67109375 0.15 0.121875
19 0.83828125 0.67578125 0.1578125 0.1265625
19 0.32109375 0.2546875 0.1796875 0.1265625
19 0.46171875 0.39140625 0.1859375 0.121875
19 0.68828125 0.4109375 0.14375 0.125
19 0.7671875 0.3296875 0.1265625 0.0796875
19 0.8421875 0.53046875 0.1828125 0.1375