19 0.86171875 0.40703125 0.146875 0.1125
19 0.6953125 0.45234375 0.1796875 0.121875
19 0.51875 0.4609375 0.1328125 0.103125
19 0.37265625 0.4921875 0.1359375 0.1203125
19 0.1890625 0.43203125 0.1546875 0.128125
19 0.15078125 0.58359375 0.2125 0.1609375
19 0.3578125 0.5890625 0.1328125 0.10625
19 0.2703125 0.71015625 0.109375 0.090625
19 0.1328125 0.7609375 0.1109375 0.1140625
19 0.2578125 0.8796875 0.153125 0.1328125
19 0.1015625 0.89375 0.1265625 0.1203125
19 0.5484375 0.609375 0.2078125 0.153125
19 0.50078125 0.8984375 0.15 0.1359375
19 0.7046875 0.7890625 0.146875 0.1234375
19 0.7109375 0.61953125 0.1375 0.10625
19 0.8890625 0.63046875 0.15625 0.1171875
19 0.91328125 0.50390625 0.159375 0.1109375
19 0.45859375 0.7359375 0.1015625 0.096875