19 0.88203125 0.4734375 0.2265625 0.28125
19 0.64609375 0.71875 0.146875 0.1859375
19 0.5 0.4875 0.16875 0.2265625
19 0.40703125 0.68359375 0.15 0.209375
19 0.584375 0.33046875 0.1328125 0.184375
19 0.53515625 0.15625 0.0875 0.1265625
19 0.9265625 0.9109375 0.1 0.146875
19 0.846875 0.8484375 0.0703125 0.0984375
19 0.7984375 0.9375 0.0984375 0.125
19 0.72578125 0.81875 0.090625 0.1046875
19 0.28828125 0.5765625 0.13125 0.1859375
19 0.26484375 0.7046875 0.1328125 0.1609375
19 0.73046875 0.56796875 0.15 0.1984375
19 0.525 0.69140625 0.0765625 0.18125