0 0.73046875 0.5515625 0.1453125 0.1359375
0 0.896875 0.4640625 0.159375 0.0828125
0 0.715625 0.371875 0.1328125 0.1
0 0.80078125 0.40390625 0.0765625 0.06875
0 0.70078125 0.4484375 0.1125 0.0609375
0 0.5796875 0.47109375 0.1625 0.1203125
0 0.4546875 0.51640625 0.1015625 0.084375
0 0.46875 0.41015625 0.0875 0.0796875
0 0.54140625 0.6515625 0.1890625 0.1015625
0 0.75625 0.6765625 0.1546875 0.1453125
0 0.28359375 0.62265625 0.1078125 0.1109375
0 0.38515625 0.4546875 0.0859375 0.05
0 0.1859375 0.50703125 0.078125 0.059375