19 0.6140625 0.9109375 0.078125 0.0578125
19 0.6453125 0.7140625 0.13125 0.084375
19 0.5984375 0.58828125 0.1375 0.1109375
19 0.38359375 0.6390625 0.140625 0.109375
19 0.5078125 0.4734375 0.1625 0.1140625
19 0.34375 0.528125 0.1515625 0.1140625
19 0.3234375 0.45 0.1765625 0.075
19 0.221875 0.3984375 0.0796875 0.05625
19 0.3890625 0.38359375 0.0734375 0.0484375
19 0.30078125 0.209375 0.13125 0.0828125
19 0.18125 0.12109375 0.2140625 0.16875
19 0.75234375 0.2375 0.090625 0.0703125
19 0.83046875 0.27109375 0.0609375 0.0484375