2 0.496875 0.6875 0.1546875 0.4015625
2 0.6984375 0.4234375 0.3828125 0.1109375
2 0.52734375 0.28046875 0.1546875 0.3328125
2 0.27265625 0.41484375 0.403125 0.1234375
2 0.75 0.5296875 0.4125 0.1078125
2 0.25546875 0.496875 0.340625 0.0953125
2 0.7875 0.66796875 0.0859375 0.1625
2 0.90390625 0.74609375 0.1921875 0.075
2 0.790625 0.87109375 0.0859375 0.16875
2 0.63359375 0.79375 0.19375 0.1125
2 0.23984375 0.8234375 0.196875 0.1015625
2 0.29296875 0.70078125 0.20625 0.10625
2 0.1828125 0.30234375 0.2015625 0.25
2 0.77109375 0.228125 0.1171875 0.1828125
2 0.790625 0.365625 0.215625 0.2828125
2 0.6625 0.66875 0.1328125 0.0546875