25 0.490625 0.4265625 0.3140625 0.2640625
25 0.684375 0.31796875 0.1703125 0.1421875
25 0.87265625 0.23359375 0.14375 0.128125
25 0.8734375 0.1 0.13125 0.115625
25 0.9078125 0.1640625 0.0734375 0.04375
25 0.94453125 0.2453125 0.1109375 0.13125
25 0.59453125 0.1140625 0.275 0.209375
25 0.1453125 0.0875 0.25 0.175
25 0.4890625 0.653125 0.2171875 0.1609375
25 0.40625 0.75234375 0.1140625 0.084375
25 0.503125 0.765625 0.1140625 0.0796875
25 0.42734375 0.87421875 0.2328125 0.184375
25 0.83984375 0.94296875 0.1765625 0.1140625
25 0.609375 0.94921875 0.1640625 0.1015625
25 0.7125 0.85078125 0.121875 0.1171875
25 0.715625 0.6921875 0.2171875 0.1828125
25 0.91484375 0.66640625 0.1703125 0.1484375
25 0.8109375 0.5578125 0.1640625 0.1421875
25 0.2578125 0.59609375 0.2609375 0.11875
25 0.1640625 0.740625 0.1421875 0.13125
25 0.053125 0.90546875 0.10625 0.1359375
25 0.91796875 0.7953125 0.1484375 0.0984375