2 0.5140625 0.6921875 0.1578125 0.3953125
2 0.2203125 0.86640625 0.084375 0.16875
2 0.221875 0.671875 0.0875 0.159375
2 0.1046875 0.740625 0.209375 0.071875
2 0.36953125 0.7890625 0.1984375 0.1125
2 0.26015625 0.53359375 0.409375 0.1078125
2 0.31875 0.43359375 0.3796875 0.109375
2 0.2234375 0.37109375 0.215625 0.2875
2 0.48671875 0.2859375 0.1484375 0.321875
2 0.73671875 0.4296875 0.4109375 0.1140625
2 0.7359375 0.5015625 0.3765625 0.0953125
2 0.75859375 0.82109375 0.2015625 0.0984375
2 0.6296875 0.853125 0.0484375 0.1140625
2 0.7109375 0.70390625 0.203125 0.1046875
2 0.24296875 0.23359375 0.1203125 0.1859375
2 0.8359375 0.3078125 0.2 0.2640625
2 0.0515625 0.18671875 0.103125 0.1703125