2 0.59140625 0.54921875 0.1296875 0.271875
2 0.3921875 0.3359375 0.3359375 0.0765625
2 0.41875 0.2796875 0.2796875 0.1421875
2 0.2140625 0.171875 0.25625 0.115625
2 0.253125 0.2765625 0.221875 0.109375
2 0.36953125 0.5625 0.175 0.18125
2 0.12578125 0.55390625 0.1984375 0.2046875
2 0.896875 0.45703125 0.1828125 0.1265625
2 0.81796875 0.278125 0.16875 0.253125
2 0.7703125 0.38359375 0.3234375 0.1
2 0.68125 0.1671875 0.1875 0.1015625
2 0.38046875 0.1484375 0.090625 0.1640625
2 0.37265625 0.0734375 0.090625 0.0828125
2 0.5 0.14140625 0.1359375 0.11875
2 0.2671875 0.42734375 0.259375 0.1328125
2 0.6171875 0.2921875 0.1046875 0.1