25 0.31796875 0.51640625 0.1984375 0.253125
25 0.51640625 0.69921875 0.15625 0.240625
25 0.5 0.53046875 0.0671875 0.084375
25 0.575 0.52890625 0.08125 0.09375
25 0.54609375 0.3265625 0.1609375 0.2640625
25 0.67421875 0.453125 0.1453125 0.253125
25 0.63671875 0.66640625 0.128125 0.2046875
25 0.73359375 0.84609375 0.159375 0.2359375
25 0.8375 0.71015625 0.0953125 0.1609375
25 0.9015625 0.83515625 0.1078125 0.159375
25 0.890625 0.60703125 0.121875 0.209375
25 0.3890625 0.70390625 0.1359375 0.20625
25 0.62578125 0.84375 0.11875 0.16875