25 0.50625 0.603125 0.3640625 0.2578125
25 0.6203125 0.790625 0.1953125 0.15
25 0.27421875 0.33359375 0.31875 0.25625
25 0.51171875 0.19453125 0.2203125 0.1765625
25 0.54296875 0.33671875 0.2390625 0.1578125
25 0.29375 0.815625 0.225 0.1609375
25 0.0828125 0.76015625 0.165625 0.1203125
25 0.7640625 0.959375 0.1359375 0.08125
25 0.81015625 0.88671875 0.1328125 0.09375
25 0.66015625 0.89453125 0.1921875 0.125
25 0.9203125 0.7546875 0.159375 0.13125
25 0.8125 0.80625 0.1828125 0.1421875
25 0.3796875 0.9171875 0.1 0.0859375
25 0.48203125 0.82734375 0.1734375 0.1484375
25 0.80703125 0.521875 0.1578125 0.125
25 0.9046875 0.440625 0.140625 0.09375