19 0.759375 0.715625 0.2125 0.165625
19 0.86171875 0.52734375 0.146875 0.1390625
19 0.803125 0.853125 0.18125 0.1484375
19 0.2875 0.9109375 0.1921875 0.1625
19 0.47265625 0.775 0.1671875 0.1328125
19 0.32109375 0.7265625 0.1390625 0.1109375
19 0.4046875 0.58046875 0.2 0.15
19 0.63671875 0.52578125 0.1484375 0.1375
19 0.50859375 0.50859375 0.1078125 0.071875
19 0.4796875 0.3921875 0.1796875 0.134375
19 0.35078125 0.30234375 0.165625 0.109375
19 0.35546875 0.21171875 0.1609375 0.0984375
19 0.096875 0.66640625 0.184375 0.1296875