2 0.4375 0.61484375 0.1734375 0.3921875
2 0.60546875 0.38828125 0.3265625 0.1046875
2 0.6671875 0.271875 0.3546875 0.1515625
2 0.425 0.1953125 0.153125 0.359375
2 0.26796875 0.41015625 0.28125 0.0953125
2 0.60078125 0.5640625 0.1640625 0.2390625
2 0.78125 0.16015625 0.2328125 0.2
2 0.23203125 0.1671875 0.2890625 0.1703125
2 0.18984375 0.5390625 0.334375 0.1859375
2 0.7921875 0.84765625 0.1875 0.3046875
2 0.5203125 0.93203125 0.3625 0.128125
2 0.184375 0.83828125 0.121875 0.125
2 0.15 0.66171875 0.2046875 0.0859375
2 0.7859375 0.4765625 0.0796875 0.1078125