17 0.56953125 0.11875 0.1703125 0.1484375
17 0.86015625 0.096875 0.2296875 0.103125
17 0.796875 0.34140625 0.1140625 0.1640625
17 0.64296875 0.32890625 0.140625 0.240625
17 0.4265625 0.275 0.13125 0.140625
17 0.34453125 0.44453125 0.2 0.225
17 0.16171875 0.5734375 0.25625 0.090625
17 0.528125 0.6640625 0.2390625 0.2171875
17 0.0765625 0.73203125 0.153125 0.1609375
17 0.1296875 0.94140625 0.259375 0.0796875
17 0.46796875 0.83515625 0.340625 0.1671875
17 0.72578125 0.76328125 0.2453125 0.1671875
17 0.73828125 0.515625 0.440625 0.1859375