0 0.534375 0.4078125 0.1203125 0.2078125
0 0.3546875 0.4515625 0.109375 0.2078125
0 0.3390625 0.2453125 0.159375 0.1609375
0 0.63515625 0.28984375 0.1015625 0.1390625
0 0.54453125 0.11171875 0.084375 0.165625
0 0.60234375 0.2046875 0.0765625 0.078125
0 0.55859375 0.30234375 0.065625 0.1140625
0 0.45625 0.27265625 0.1375 0.1484375
0 0.49453125 0.81640625 0.0625 0.08125
0 0.4671875 0.72578125 0.0578125 0.06875
0 0.38203125 0.71875 0.1203125 0.115625
0 0.4890625 0.54609375 0.090625 0.103125
0 0.4453125 0.6 0.121875 0.1296875
0 0.54921875 0.61484375 0.0515625 0.09375
0 0.5953125 0.53515625 0.084375 0.0953125
0 0.59140625 0.63046875 0.0796875 0.109375