25 0.8953125 0.17578125 0.171875 0.2953125
25 0.89921875 0.6609375 0.0921875 0.128125
25 0.90859375 0.81953125 0.0890625 0.203125
25 0.70625 0.89296875 0.209375 0.2140625
25 0.68828125 0.65546875 0.2125 0.2
25 0.71328125 0.40625 0.271875 0.353125
25 0.55703125 0.13203125 0.2890625 0.2640625
25 0.4625 0.5171875 0.25 0.328125
25 0.4890625 0.73828125 0.159375 0.18125
25 0.35078125 0.1296875 0.1921875 0.259375
25 0.15859375 0.19921875 0.29375 0.3984375
25 0.23046875 0.5828125 0.2453125 0.31875
25 0.12734375 0.7625 0.2359375 0.253125