2 0.45078125 0.5671875 0.0625 0.1265625
2 0.43671875 0.6421875 0.084375 0.1625
2 0.58984375 0.50234375 0.26875 0.0734375
2 0.41953125 0.44453125 0.06875 0.1359375
2 0.29921875 0.534375 0.225 0.0640625
2 0.24140625 0.4578125 0.0515625 0.1171875
2 0.4546875 0.36328125 0.078125 0.215625
2 0.2203125 0.24765625 0.0984375 0.1
2 0.146875 0.32421875 0.15625 0.053125
2 0.26171875 0.35078125 0.053125 0.078125
2 0.37578125 0.2609375 0.146875 0.09375
2 0.60625 0.17109375 0.1921875 0.059375
2 0.353125 0.08046875 0.14375 0.1609375
2 0.6953125 0.06328125 0.0796875 0.1265625
2 0.8328125 0.06953125 0.190625 0.1390625
2 0.63046875 0.45390625 0.25 0.0546875
2 0.740625 0.26171875 0.096875 0.1359375
2 0.471875 0.0703125 0.178125 0.084375
2 0.565625 0.25546875 0.109375 0.0359375