25 0.42421875 0.13515625 0.234375 0.1875
25 0.50078125 0.24296875 0.1125 0.0796875
25 0.40625 0.25546875 0.115625 0.0859375
25 0.4875 0.35625 0.2171875 0.1609375
25 0.7140625 0.31484375 0.21875 0.1828125
25 0.9140625 0.3421875 0.171875 0.1484375
25 0.87734375 0.41953125 0.071875 0.065625
25 0.83828125 0.3859375 0.0640625 0.04375
25 0.8109375 0.45078125 0.159375 0.1453125
25 0.634375 0.4234375 0.19375 0.1453125
25 0.83828125 0.0609375 0.178125 0.121875
25 0.60625 0.05546875 0.165625 0.1109375
25 0.70859375 0.1578125 0.1296875 0.115625
25 0.16015625 0.26484375 0.1484375 0.1328125
25 0.053125 0.1015625 0.10625 0.1390625
25 0.25625 0.4109375 0.2640625 0.11875
25 0.48125 0.58046875 0.328125 0.265625
25 0.68515625 0.6890625 0.1671875 0.1421875
25 0.87421875 0.77265625 0.14375 0.128125
25 0.875 0.90546875 0.1359375 0.11875
25 0.59609375 0.89375 0.2796875 0.2125
25 0.915625 0.47109375 0.16875 0.15
25 0.9171875 0.2109375 0.146875 0.096875
25 0.1421875 0.91796875 0.2484375 0.1640625
25 0.175 0.09609375 0.1125 0.128125
25 0.77578125 0.64453125 0.121875 0.115625