19 0.58984375 0.14453125 0.1125 0.146875
19 0.54609375 0.3109375 0.121875 0.178125
19 0.5375 0.48671875 0.1046875 0.1328125
19 0.5078125 0.63515625 0.121875 0.1375
19 0.56875 0.815625 0.125 0.1515625
19 0.41875 0.8578125 0.1609375 0.2140625
19 0.409375 0.6515625 0.10625 0.1328125
19 0.38984375 0.46171875 0.15625 0.2078125
19 0.36796875 0.1203125 0.1140625 0.15625
19 0.21015625 0.3046875 0.121875 0.1453125
19 0.1015625 0.5078125 0.134375 0.1484375
19 0.12109375 0.765625 0.134375 0.18125
19 0.23984375 0.8765625 0.1140625 0.1125
19 0.290625 0.73671875 0.0921875 0.109375
19 0.3796875 0.296875 0.10625 0.1390625
19 0.4953125 0.09296875 0.109375 0.15625