2 0.48671875 0.4765625 0.3203125 0.121875
2 0.5671875 0.71953125 0.109375 0.3453125
2 0.73515625 0.6953125 0.0890625 0.3875
2 0.771875 0.29609375 0.0953125 0.2953125
2 0.84140625 0.503125 0.2109375 0.1171875
2 0.559375 0.26796875 0.1265625 0.309375
2 0.27265625 0.375 0.1375 0.1890625
2 0.28046875 0.16640625 0.1203125 0.13125
2 0.3703125 0.11171875 0.075 0.1859375
2 0.40859375 0.23828125 0.134375 0.071875
2 0.09765625 0.2875 0.1953125 0.215625
2 0.15078125 0.86328125 0.153125 0.1265625
2 0.1375 0.634375 0.1046875 0.25