25 0.4265625 0.490625 0.2640625 0.3140625
25 0.31796875 0.684375 0.1421875 0.1703125
25 0.23359375 0.87265625 0.128125 0.14375
25 0.1 0.8734375 0.115625 0.13125
25 0.1640625 0.9078125 0.04375 0.0734375
25 0.2453125 0.94453125 0.13125 0.1109375
25 0.1140625 0.59453125 0.209375 0.275
25 0.0875 0.1453125 0.175 0.25
25 0.653125 0.4890625 0.1609375 0.2171875
25 0.75234375 0.40625 0.084375 0.1140625
25 0.765625 0.503125 0.0796875 0.1140625
25 0.87421875 0.42734375 0.184375 0.2328125
25 0.94296875 0.83984375 0.1140625 0.1765625
25 0.94921875 0.609375 0.1015625 0.1640625
25 0.85078125 0.7125 0.1171875 0.121875
25 0.6921875 0.715625 0.1828125 0.2171875
25 0.66640625 0.91484375 0.1484375 0.1703125
25 0.5578125 0.8109375 0.1421875 0.1640625
25 0.59609375 0.2578125 0.11875 0.2609375
25 0.740625 0.1640625 0.13125 0.1421875
25 0.90546875 0.053125 0.1359375 0.10625
25 0.7953125 0.91796875 0.0984375 0.1484375