19 0.4859375 0.34765625 0.11875 0.1515625
19 0.5421875 0.5140625 0.1140625 0.1625
19 0.56328125 0.32578125 0.0875 0.178125
19 0.42421875 0.61015625 0.1140625 0.1453125
19 0.37109375 0.38828125 0.1046875 0.1453125
19 0.29453125 0.65625 0.0828125 0.1359375
19 0.61640625 0.2203125 0.0578125 0.078125
19 0.63359375 0.39140625 0.0484375 0.075
19 0.81015625 0.29921875 0.0890625 0.13125
19 0.9078125 0.1796875 0.175 0.23125
19 0.7796875 0.7625 0.071875 0.09375
19 0.746875 0.84375 0.0515625 0.065625
19 0.09453125 0.621875 0.0578125 0.078125