21 0.36484375 0.66953125 0.0953125 0.290625
21 0.48046875 0.34453125 0.128125 0.19375
21 0.3109375 0.52265625 0.109375 0.115625
21 0.3859375 0.38984375 0.0546875 0.13125
21 0.2734375 0.290625 0.1609375 0.24375
21 0.4484375 0.58125 0.090625 0.1375
21 0.7671875 0.54375 0.0984375 0.09375
21 0.715625 0.72734375 0.0625 0.1453125
21 0.6484375 0.6109375 0.0484375 0.0671875
21 0.640625 0.52109375 0.084375 0.115625
21 0.665625 0.39609375 0.06875 0.134375
21 0.64765625 0.68203125 0.0765625 0.134375
21 0.13671875 0.18515625 0.096875 0.1484375