17 0.06484375 0.58125 0.1296875 0.1796875
17 0.03671875 0.88515625 0.0734375 0.2296875
17 0.09609375 0.7640625 0.0859375 0.2265625
17 0.2796875 0.66171875 0.2625 0.140625
17 0.28515625 0.8234375 0.1828125 0.1125
17 0.478125 0.74609375 0.1859375 0.49375
17 0.715625 0.74453125 0.15625 0.240625
17 0.6296875 0.546875 0.2125 0.2390625
17 0.40234375 0.3578125 0.2375 0.2046875
17 0.61015625 0.3046875 0.1359375 0.1828125
17 0.5359375 0.17734375 0.0859375 0.2546875
17 0.696875 0.084375 0.1578125 0.165625
17 0.8953125 0.14609375 0.0734375 0.2734375
17 0.78671875 0.5 0.153125 0.3484375
17 0.22109375 0.434375 0.153125 0.134375