2 0.69296875 0.4828125 0.396875 0.1546875
2 0.53671875 0.74453125 0.1078125 0.39375
2 0.43984375 0.6828125 0.109375 0.3765625
2 0.290625 0.51171875 0.3125 0.1484375
2 0.4328125 0.25703125 0.121875 0.3921875
2 0.31171875 0.16953125 0.2546875 0.1984375
2 0.67578125 0.77421875 0.1640625 0.090625
2 0.74765625 0.89765625 0.075 0.2046875
2 0.86953125 0.77265625 0.175 0.0859375
2 0.79296875 0.62578125 0.1078125 0.190625
2 0.8234375 0.23671875 0.0984375 0.1984375
2 0.7015625 0.28828125 0.1015625 0.2
2 0.50546875 0.259375 0.0921875 0.36875
2 0.375 0.775 0.2890625 0.21875
2 0.23984375 0.75546875 0.1859375 0.11875
2 0.19140625 0.9484375 0.1671875 0.103125