19 0.21171875 0.45234375 0.1625 0.1140625
19 0.1796875 0.35234375 0.10625 0.090625
19 0.3796875 0.3640625 0.1421875 0.103125
19 0.24453125 0.234375 0.125 0.090625
19 0.08828125 0.22890625 0.1140625 0.0921875
19 0.5421875 0.4171875 0.146875 0.0984375
19 0.7234375 0.3984375 0.103125 0.08125
19 0.63828125 0.48828125 0.1140625 0.0953125
19 0.465625 0.603125 0.1375 0.10625
19 0.25234375 0.5578125 0.08125 0.0703125
19 0.37578125 0.553125 0.0984375 0.0875
19 0.48359375 0.703125 0.13125 0.0984375
19 0.2171875 0.83984375 0.0875 0.0640625
19 0.58984375 0.81796875 0.1140625 0.0859375
19 0.59296875 0.6953125 0.090625 0.0828125
19 0.7015625 0.69140625 0.10625 0.075
19 0.88125 0.74765625 0.0875 0.059375
19 0.9390625 0.909375 0.1171875 0.08125
19 0.73828125 0.58515625 0.13125 0.090625
19 0.71171875 0.88359375 0.0828125 0.0640625