4 0.52890625 0.68671875 0.2578125 0.38125
4 0.7734375 0.49609375 0.45 0.1765625
4 0.25859375 0.50625 0.45 0.1796875
4 0.53671875 0.28203125 0.246875 0.4234375
4 0.2328125 0.7015625 0.25 0.2265625
4 0.7296875 0.80078125 0.2 0.125
4 0.728125 0.64609375 0.23125 0.1265625
4 0.7015625 0.33046875 0.1515625 0.1015625
4 0.88828125 0.27734375 0.203125 0.0734375
4 0.7671875 0.20859375 0.0875 0.1421875
4 0.84921875 0.0984375 0.1515625 0.1921875
4 0.16875 0.25 0.125 0.20625
4 0.2984375 0.27734375 0.1578125 0.190625
4 0.35546875 0.1296875 0.25625 0.1390625
4 0.7546875 0.13515625 0.2109375 0.0875