25 0.5171875 0.74296875 0.3125 0.225
25 0.6515625 0.4828125 0.2953125 0.203125
25 0.475 0.340625 0.2984375 0.196875
25 0.31171875 0.52421875 0.2984375 0.196875
25 0.20234375 0.415625 0.1578125 0.1265625
25 0.28984375 0.2984375 0.1484375 0.1640625
25 0.05625 0.321875 0.1125 0.115625
25 0.6828125 0.34296875 0.13125 0.0953125
25 0.84765625 0.421875 0.0921875 0.0640625
25 0.84375 0.34921875 0.09375 0.0765625
25 0.8484375 0.21953125 0.1515625 0.11875
25 0.61640625 0.09140625 0.1890625 0.159375
25 0.88046875 0.0875 0.1921875 0.1375