2 0.4609375 0.48125 0.2375 0.5734375
2 0.84453125 0.671875 0.3109375 0.1546875
2 0.68359375 0.8078125 0.13125 0.1171875
2 0.65390625 0.65546875 0.0859375 0.13125
2 0.73125 0.30078125 0.1125 0.1796875
2 0.71015625 0.428125 0.1140625 0.0578125
2 0.84921875 0.48671875 0.1453125 0.1234375
2 0.89296875 0.3625 0.1921875 0.0984375
2 0.628125 0.2078125 0.278125 0.121875
2 0.4140625 0.11171875 0.184375 0.2234375
2 0.1515625 0.50546875 0.0640625 0.1375
2 0.2546875 0.45234375 0.1796875 0.0703125
2 0.2125 0.359375 0.1265625 0.1171875
2 0.81484375 0.51953125 0.1390625 0.0890625
2 0.90859375 0.078125 0.071875 0.14375