17 0.41328125 0.9375 0.1765625 0.125
17 0.11171875 0.96171875 0.2234375 0.0765625
17 0.17265625 0.71796875 0.115625 0.1890625
17 0.334375 0.71953125 0.14375 0.2640625
17 0.24140625 0.52421875 0.4828125 0.190625
17 0.24765625 0.28515625 0.24375 0.1578125
17 0.45078125 0.37578125 0.2359375 0.21875
17 0.5125 0.21328125 0.315625 0.153125
17 0.6359375 0.6 0.209375 0.23125
17 0.6734375 0.390625 0.2203125 0.1328125
17 0.81796875 0.46484375 0.2625 0.0859375
17 0.846875 0.10546875 0.2828125 0.071875
17 0.91328125 0.30703125 0.1734375 0.159375