2 0.3125 0.496875 0.4015625 0.1546875
2 0.5765625 0.6984375 0.1109375 0.3828125
2 0.71953125 0.52734375 0.3328125 0.1546875
2 0.58515625 0.27265625 0.1234375 0.403125
2 0.4703125 0.75 0.1078125 0.4125
2 0.503125 0.25546875 0.0953125 0.340625
2 0.33203125 0.7875 0.1625 0.0859375
2 0.25390625 0.90390625 0.075 0.1921875
2 0.12890625 0.790625 0.16875 0.0859375
2 0.20625 0.63359375 0.1125 0.19375
2 0.1765625 0.23984375 0.1015625 0.196875
2 0.29921875 0.29296875 0.10625 0.20625
2 0.69765625 0.1828125 0.25 0.2015625
2 0.771875 0.77109375 0.1828125 0.1171875
2 0.634375 0.790625 0.2828125 0.215625
2 0.33125 0.6625 0.0546875 0.1328125