2 0.4140625 0.5390625 0.13125 0.28125
2 0.61875 0.32578125 0.3359375 0.0734375
2 0.23828125 0.371875 0.3265625 0.1
2 0.184375 0.26796875 0.1703125 0.2515625
2 0.3171875 0.2390625 0.0546875 0.0984375
2 0.58828125 0.26953125 0.28125 0.1421875
2 0.50546875 0.1296875 0.140625 0.1265625
2 0.8015625 0.15703125 0.2515625 0.115625
2 0.7578125 0.27109375 0.2140625 0.1046875
2 0.9109375 0.23125 0.090625 0.1453125
2 0.8890625 0.396875 0.18125 0.071875
2 0.8828125 0.55078125 0.2015625 0.196875
2 0.63671875 0.55546875 0.1796875 0.1859375
2 0.10703125 0.45078125 0.1921875 0.1296875
2 0.53125 0.41640625 0.16875 0.1296875
2 0.56875 0.775 0.071875 0.1046875