19 0.91328125 0.29921875 0.159375 0.19375
19 0.6625 0.1359375 0.1203125 0.18125
19 0.72890625 0.3390625 0.109375 0.1359375
19 0.5890625 0.44375 0.1453125 0.184375
19 0.52109375 0.546875 0.06875 0.1
19 0.54296875 0.6734375 0.1328125 0.1390625
19 0.7359375 0.784375 0.1609375 0.203125
19 0.6640625 0.68828125 0.0984375 0.13125
19 0.78125 0.490625 0.13125 0.1609375
19 0.86796875 0.82421875 0.1375 0.1671875
19 0.55234375 0.89296875 0.134375 0.140625
19 0.40625 0.53359375 0.13125 0.1609375
19 0.3140625 0.40625 0.1078125 0.15625
19 0.22421875 0.4125 0.0953125 0.1515625
19 0.309375 0.2421875 0.115625 0.1734375
19 0.43125 0.23203125 0.0984375 0.1515625