2 0.49765625 0.59609375 0.0828125 0.2203125
2 0.64375 0.4390625 0.253125 0.0625
2 0.51640625 0.34375 0.090625 0.159375
2 0.4765625 0.48984375 0.0640625 0.1171875
2 0.38359375 0.40546875 0.2046875 0.0640625
2 0.44921875 0.67734375 0.06875 0.184375
2 0.3421875 0.534375 0.2203125 0.0921875
2 0.25234375 0.53359375 0.103125 0.1078125
2 0.31484375 0.5109375 0.0484375 0.0984375
2 0.66875 0.52578125 0.2640625 0.078125
2 0.3609375 0.88515625 0.1703125 0.1703125
2 0.4203125 0.74375 0.171875 0.1125
2 0.25859375 0.7375 0.1015625 0.09375
2 0.2171875 0.66328125 0.1609375 0.059375
2 0.62265625 0.83671875 0.190625 0.06875
2 0.78984375 0.82421875 0.090625 0.109375