25 0.578125 0.48515625 0.34375 0.2875
25 0.2390625 0.36953125 0.29375 0.2234375
25 0.21484375 0.62109375 0.2875 0.221875
25 0.46953125 0.6109375 0.2546875 0.1953125
25 0.54296875 0.271875 0.3171875 0.2
25 0.89765625 0.29140625 0.2046875 0.2609375
25 0.9078125 0.73125 0.184375 0.2359375
25 0.50625 0.82734375 0.1828125 0.1546875
25 0.6234375 0.6890625 0.20625 0.19375
25 0.7265625 0.22578125 0.1609375 0.1171875
25 0.41953125 0.7515625 0.1375 0.09375
25 0.36640625 0.825 0.1234375 0.0875
25 0.7828125 0.85234375 0.0984375 0.08125