2 0.53671875 0.4734375 0.3109375 0.1203125
2 0.45078125 0.7078125 0.10625 0.340625
2 0.2953125 0.6921875 0.0859375 0.3828125
2 0.18671875 0.4953125 0.221875 0.121875
2 0.25703125 0.29140625 0.1015625 0.29375
2 0.46015625 0.26328125 0.1265625 0.3140625
2 0.59921875 0.23203125 0.128125 0.075
2 0.63671875 0.11328125 0.0734375 0.1890625
2 0.7453125 0.37578125 0.140625 0.2046875
2 0.871875 0.6265625 0.0953125 0.2515625
2 0.2984375 0.19765625 0.1234375 0.0859375
2 0.91171875 0.28203125 0.1765625 0.215625
2 0.64375 0.41328125 0.2546875 0.0953125