0 0.64609375 0.62109375 0.134375 0.190625
0 0.83671875 0.49609375 0.1078125 0.19375
0 0.71015625 0.33203125 0.1390625 0.1390625
0 0.77578125 0.56953125 0.1359375 0.25625
0 0.60234375 0.3265625 0.103125 0.2171875
0 0.5484375 0.39375 0.065625 0.1125
0 0.53984375 0.48671875 0.0515625 0.059375
0 0.6234375 0.47890625 0.1171875 0.10625
0 0.45390625 0.48203125 0.146875 0.1140625
0 0.45625 0.5796875 0.15 0.15
0 0.303125 0.54375 0.103125 0.178125
0 0.40859375 0.72578125 0.1546875 0.1578125
0 0.2640625 0.67734375 0.0703125 0.08125
0 0.32578125 0.77890625 0.0828125 0.128125
0 0.3171875 0.6171875 0.078125 0.1453125
0 0.24296875 0.73984375 0.11875 0.1390625