2 0.40859375 0.45078125 0.1296875 0.271875
2 0.6078125 0.6640625 0.3359375 0.0765625
2 0.58125 0.7203125 0.2796875 0.1421875
2 0.7859375 0.828125 0.25625 0.115625
2 0.746875 0.7234375 0.221875 0.109375
2 0.63046875 0.4375 0.175 0.18125
2 0.87421875 0.44609375 0.1984375 0.2046875
2 0.103125 0.54296875 0.1828125 0.1265625
2 0.18203125 0.721875 0.16875 0.253125
2 0.2296875 0.61640625 0.3234375 0.1
2 0.31875 0.8328125 0.1875 0.1015625
2 0.61953125 0.8515625 0.090625 0.1640625
2 0.62734375 0.9265625 0.090625 0.0828125
2 0.5 0.85859375 0.1359375 0.11875
2 0.7328125 0.57265625 0.259375 0.1328125
2 0.3828125 0.7078125 0.1046875 0.1