19 0.3859375 0.9515625 0.0828125 0.08125
19 0.38828125 0.86953125 0.0953125 0.075
19 0.2640625 0.85859375 0.1109375 0.0796875
19 0.3421875 0.784375 0.0515625 0.0390625
19 0.4625 0.78125 0.053125 0.0421875
19 0.56875 0.6328125 0.090625 0.075
19 0.51640625 0.60546875 0.084375 0.0640625
19 0.43046875 0.61796875 0.121875 0.1015625
19 0.68984375 0.521875 0.084375 0.0578125
19 0.63046875 0.54921875 0.0765625 0.0625
19 0.55390625 0.5421875 0.06875 0.05
19 0.8390625 0.5046875 0.096875 0.0671875
19 0.8609375 0.60703125 0.040625 0.0265625
19 0.25 0.5359375 0.06875 0.0390625
19 0.3671875 0.51015625 0.0640625 0.05
19 0.47578125 0.4609375 0.053125 0.0421875
19 0.42265625 0.46328125 0.0515625 0.0453125
19 0.5625 0.44296875 0.0984375 0.0703125
19 0.7046875 0.43515625 0.0796875 0.05
19 0.23828125 0.47890625 0.0609375 0.04375
19 0.30625 0.46796875 0.0875 0.05625
19 0.3796875 0.44375 0.05625 0.0484375
19 0.24921875 0.3984375 0.0703125 0.0484375
19 0.35546875 0.39375 0.0453125 0.0359375
19 0.28125 0.36640625 0.0546875 0.0375
19 0.66640625 0.2421875 0.0859375 0.065625