2 0.71953125 0.6375 0.3625 0.2703125
2 0.72734375 0.37265625 0.3640625 0.2453125
2 0.31171875 0.37734375 0.3859375 0.234375
2 0.3421875 0.675 0.3375 0.309375
2 0.6140625 0.73515625 0.190625 0.296875
2 0.528125 0.828125 0.2578125 0.1703125
2 0.31484375 0.87421875 0.1828125 0.1828125
2 0.10859375 0.9015625 0.2171875 0.196875
2 0.21171875 0.590625 0.1421875 0.240625
2 0.1078125 0.565625 0.1078125 0.225
2 0.525 0.8296875 0.271875 0.1640625
2 0.84375 0.50078125 0.1046875 0.184375
2 0.81875 0.8375 0.209375 0.184375