2 0.6421875 0.68359375 0.0640625 0.1171875
2 0.72890625 0.57578125 0.2203125 0.103125
2 0.56953125 0.590625 0.1046875 0.08125
2 0.54453125 0.71875 0.1578125 0.1765625
2 0.57265625 0.425 0.203125 0.28125
2 0.346875 0.721875 0.14375 0.3078125
2 0.42109375 0.52734375 0.23125 0.0609375
2 0.22890625 0.43515625 0.1578125 0.190625
2 0.2 0.59140625 0.153125 0.128125
2 0.18359375 0.70234375 0.1859375 0.2078125
2 0.70078125 0.73984375 0.1515625 0.171875
2 0.8234375 0.34140625 0.09375 0.1265625
2 0.37109375 0.1125 0.1546875 0.1125
2 0.83046875 0.21640625 0.096875 0.06875