2 0.5140625 0.48515625 0.4734375 0.2109375
2 0.340625 0.24609375 0.1296875 0.1046875
2 0.4140625 0.2234375 0.034375 0.1
2 0.44140625 0.10859375 0.1484375 0.090625
2 0.53046875 0.06796875 0.0328125 0.11875
2 0.58515625 0.1296875 0.1109375 0.059375
2 0.65625 0.1625 0.1515625 0.075
2 0.48203125 0.24453125 0.1015625 0.13125
2 0.14375 0.55703125 0.2453125 0.2296875
2 0.1703125 0.8125 0.221875 0.21875
2 0.33984375 0.6171875 0.0734375 0.1359375
2 0.25 0.7546875 0.109375 0.115625
2 0.546875 0.84921875 0.253125 0.128125
2 0.66796875 0.73984375 0.0953125 0.1703125
2 0.78515625 0.603125 0.059375 0.1796875
2 0.5078125 0.634375 0.0875 0.134375
2 0.7828125 0.1890625 0.05625 0.134375
2 0.71328125 0.090625 0.0984375 0.0484375