4 0.50078125 0.7265625 0.23125 0.3625
4 0.7484375 0.565625 0.425 0.1671875
4 0.78828125 0.45078125 0.23125 0.0953125
4 0.51484375 0.36171875 0.2171875 0.3609375
4 0.28203125 0.55234375 0.4046875 0.1609375
4 0.26015625 0.73203125 0.23125 0.2046875
4 0.72421875 0.8359375 0.2265625 0.1390625
4 0.73046875 0.6875 0.2296875 0.11875
4 0.7875 0.26875 0.090625 0.13125
4 0.95546875 0.25703125 0.0890625 0.125
4 0.79140625 0.19609375 0.203125 0.084375
4 0.74140625 0.0734375 0.1765625 0.146875
4 0.89375 0.1484375 0.1484375 0.1734375
4 0.35078125 0.3265625 0.1421875 0.18125
4 0.4109375 0.190625 0.2390625 0.1296875
4 0.22890625 0.30390625 0.1203125 0.1953125
4 0.146875 0.09296875 0.159375 0.184375
4 0.10390625 0.221875 0.2078125 0.10625
4 0.046875 0.48046875 0.09375 0.109375
4 0.159375 0.4578125 0.10625 0.109375