2 0.6921875 0.4859375 0.3953125 0.1578125
2 0.86640625 0.7796875 0.16875 0.084375
2 0.671875 0.778125 0.159375 0.0875
2 0.740625 0.8953125 0.071875 0.209375
2 0.7890625 0.63046875 0.1125 0.1984375
2 0.53359375 0.73984375 0.1078125 0.409375
2 0.43359375 0.68125 0.109375 0.3796875
2 0.37109375 0.7765625 0.2875 0.215625
2 0.2859375 0.51328125 0.321875 0.1484375
2 0.4296875 0.26328125 0.1140625 0.4109375
2 0.5015625 0.2640625 0.0953125 0.3765625
2 0.82109375 0.24140625 0.0984375 0.2015625
2 0.853125 0.3703125 0.1140625 0.0484375
2 0.70390625 0.2890625 0.1046875 0.203125
2 0.23359375 0.75703125 0.1859375 0.1203125
2 0.3078125 0.1640625 0.2640625 0.2
2 0.18671875 0.9484375 0.1703125 0.103125