25 0.575 0.13671875 0.2328125 0.1875
25 0.2890625 0.31640625 0.2125 0.184375
25 0.5 0.24609375 0.1171875 0.0796875
25 0.59140625 0.25859375 0.1171875 0.0859375
25 0.5109375 0.3578125 0.2140625 0.159375
25 0.16484375 0.06328125 0.1734375 0.1265625
25 0.08984375 0.3453125 0.1796875 0.140625
25 0.19609375 0.45078125 0.15625 0.1453125
25 0.51171875 0.57734375 0.3125 0.259375
25 0.3140625 0.68203125 0.15625 0.1421875
25 0.40703125 0.88359375 0.2703125 0.209375
25 0.83828125 0.91171875 0.2640625 0.1703125
25 0.22734375 0.6375 0.125 0.1171875
25 0.1328125 0.7640625 0.1375 0.128125
25 0.13203125 0.896875 0.13125 0.1109375
25 0.39609375 0.0578125 0.1671875 0.115625
25 0.83203125 0.265625 0.1453125 0.1328125
25 0.73984375 0.40859375 0.2578125 0.11875