25 0.6546875 0.49921875 0.2734375 0.3546875
25 0.70078125 0.25703125 0.1875 0.221875
25 0.54140625 0.2765625 0.1734375 0.2328125
25 0.44375 0.44296875 0.18125 0.21875
25 0.27421875 0.484375 0.1859375 0.2796875
25 0.1234375 0.559375 0.184375 0.24375
25 0.39765625 0.246875 0.190625 0.2609375
25 0.32265625 0.76171875 0.221875 0.2625
25 0.48125 0.70703125 0.15625 0.1671875
25 0.8109375 0.4703125 0.1328125 0.2109375
25 0.87109375 0.59375 0.1375 0.178125
25 0.8953125 0.7734375 0.125 0.1609375
25 0.79375 0.85703125 0.1125 0.1453125
25 0.9203125 0.88359375 0.128125 0.15
25 0.90625 0.265625 0.1875 0.2640625
25 0.85703125 0.846875 0.05 0.071875