2 0.49609375 0.675 0.159375 0.40625
2 0.69296875 0.41484375 0.3890625 0.1140625
2 0.52265625 0.26640625 0.1640625 0.334375
2 0.265625 0.40234375 0.4109375 0.1171875
2 0.74609375 0.52265625 0.415625 0.1078125
2 0.2421875 0.48828125 0.340625 0.103125
2 0.77109375 0.21328125 0.1265625 0.16875
2 0.790625 0.3546875 0.2234375 0.2859375
2 0.78828125 0.6640625 0.0890625 0.171875
2 0.63984375 0.78828125 0.1953125 0.1234375
2 0.2421875 0.8234375 0.215625 0.1125
2 0.171875 0.28671875 0.20625 0.246875
2 0.9 0.73984375 0.2 0.0734375
2 0.7921875 0.8640625 0.090625 0.1765625