2 0.69453125 0.5015625 0.403125 0.153125
2 0.4359375 0.703125 0.109375 0.3921875
2 0.29140625 0.5328125 0.334375 0.159375
2 0.540625 0.75078125 0.109375 0.415625
2 0.42734375 0.278125 0.11875 0.40625
2 0.2359375 0.78046875 0.1859375 0.1171875
2 0.31015625 0.18203125 0.2546875 0.19375
2 0.87578125 0.790625 0.175 0.0859375
2 0.68046875 0.78984375 0.159375 0.090625
2 0.75390625 0.9046875 0.0734375 0.190625
2 0.79609375 0.63984375 0.1171875 0.1921875
2 0.82734375 0.25390625 0.1015625 0.2203125
2 0.9 0.35703125 0.184375 0.090625