2 0.57734375 0.5453125 0.3390625 0.1609375
2 0.65078125 0.309375 0.175 0.346875
2 0.79296875 0.3953125 0.1015625 0.246875
2 0.878125 0.51171875 0.15 0.1515625
2 0.79765625 0.67421875 0.078125 0.253125
2 0.809375 0.8828125 0.2703125 0.20625
2 0.94609375 0.71484375 0.103125 0.3140625
2 0.67734375 0.80234375 0.1734375 0.3828125
2 0.38984375 0.24296875 0.0703125 0.265625
2 0.24921875 0.29375 0.2203125 0.228125
2 0.328125 0.48671875 0.125 0.1640625
2 0.51015625 0.83046875 0.1578125 0.0734375
2 0.3390625 0.90546875 0.0796875 0.1890625
2 0.45078125 0.95390625 0.1765625 0.0921875
2 0.41640625 0.64140625 0.2921875 0.1515625
2 0.23046875 0.7453125 0.2078125 0.1078125
2 0.4546875 0.1875 0.0890625 0.203125
2 0.7671875 0.2109375 0.153125 0.1390625