17 0.41640625 0.08671875 0.1703125 0.15
17 0.25703125 0.13671875 0.184375 0.0765625
17 0.1234375 0.0609375 0.228125 0.0984375
17 0.1875 0.31328125 0.1125 0.178125
17 0.34375 0.2921875 0.1359375 0.234375
17 0.6390625 0.41796875 0.196875 0.2359375
17 0.25078125 0.478125 0.4609375 0.1828125
17 0.2625 0.734375 0.2375 0.1640625
17 0.53828125 0.80625 0.31875 0.1609375
17 0.46171875 0.63125 0.2328125 0.2109375
17 0.6953125 0.609375 0.19375 0.13125
17 0.82265625 0.540625 0.259375 0.084375
17 0.91640625 0.7 0.1671875 0.159375
17 0.86328125 0.9015625 0.2734375 0.08125