25 0.290625 0.59453125 0.2734375 0.3546875
25 0.54140625 0.48125 0.25 0.3296875
25 0.77265625 0.41484375 0.2484375 0.3171875
25 0.878125 0.23515625 0.23125 0.253125
25 0.6515625 0.8703125 0.1921875 0.259375
25 0.91953125 0.41640625 0.1 0.11875
25 0.92421875 0.534375 0.0921875 0.11875
25 0.44765625 0.86796875 0.2890625 0.2640625
25 0.109375 0.8265625 0.171875 0.2953125
25 0.0921875 0.18203125 0.0875 0.2046875
25 0.1015625 0.34140625 0.0921875 0.128125
25 0.29140625 0.10859375 0.215625 0.2171875
25 0.3125 0.3453125 0.2140625 0.2