2 0.415625 0.55 0.0671875 0.1390625
2 0.4546875 0.6328125 0.084375 0.209375
2 0.5859375 0.490625 0.2734375 0.0703125
2 0.446875 0.4203125 0.0671875 0.115625
2 0.43515625 0.35859375 0.078125 0.1734375
2 0.3 0.4609375 0.24375 0.0625
2 0.26953125 0.56875 0.25 0.109375
2 0.2359375 0.54140625 0.0515625 0.1171875
2 0.61640625 0.54140625 0.2796875 0.053125
2 0.3796875 0.7375 0.1765625 0.1015625
2 0.21953125 0.74765625 0.0953125 0.103125
2 0.35078125 0.91796875 0.1359375 0.1640625
2 0.83515625 0.92578125 0.1921875 0.1484375
2 0.1546875 0.67578125 0.1734375 0.046875
2 0.46796875 0.9265625 0.1734375 0.084375
2 0.69921875 0.9375 0.078125 0.125