19 0.10859375 0.478125 0.2171875 0.290625
19 0.259375 0.5796875 0.1546875 0.2015625
19 0.3375 0.740625 0.153125 0.1921875
19 0.26640625 0.83515625 0.09375 0.1078125
19 0.18984375 0.9453125 0.1 0.109375
19 0.14375 0.86171875 0.071875 0.1015625
19 0.06328125 0.92265625 0.1 0.15
19 0.415625 0.3375 0.134375 0.1875
19 0.47109375 0.1578125 0.09375 0.13125
19 0.49375 0.5015625 0.1703125 0.2421875
19 0.4625 0.71171875 0.0984375 0.1890625
19 0.59140625 0.70625 0.1578125 0.221875
19 0.72265625 0.59609375 0.1375 0.1953125
19 0.74375 0.7328125 0.1390625 0.16875
19 0.921875 0.67421875 0.0921875 0.125