25 0.62734375 0.60859375 0.2296875 0.184375
25 0.60703125 0.72890625 0.18125 0.1015625
25 0.84765625 0.74453125 0.1046875 0.0765625
25 0.959375 0.7859375 0.08125 0.0921875
25 0.784375 0.9046875 0.1328125 0.096875
25 0.72421875 0.94921875 0.1265625 0.1015625
25 0.4484375 0.87265625 0.1265625 0.125
25 0.21953125 0.93203125 0.1 0.1125
25 0.3328125 0.8125 0.13125 0.125
25 0.16953125 0.84765625 0.153125 0.125
25 0.07890625 0.7015625 0.1578125 0.16875
25 0.27890625 0.47890625 0.259375 0.1890625
25 0.3484375 0.565625 0.1515625 0.1296875
25 0.4796875 0.2921875 0.2453125 0.178125
25 0.38203125 0.22421875 0.1140625 0.1109375
25 0.31015625 0.28125 0.134375 0.0875
25 0.25859375 0.24765625 0.165625 0.1671875
25 0.14453125 0.3109375 0.0875 0.109375
25 0.04765625 0.31875 0.0953125 0.0921875