25 0.62578125 0.52890625 0.20625 0.3125
25 0.43671875 0.7515625 0.2171875 0.271875
25 0.4265625 0.5578125 0.1234375 0.15625
25 0.309375 0.5671875 0.1375 0.1421875
25 0.32109375 0.36875 0.2640625 0.2953125
25 0.5328125 0.3484375 0.1765625 0.215625
25 0.64375 0.71796875 0.1796875 0.225
25 0.75859375 0.4046875 0.1578125 0.2078125
25 0.68984375 0.25 0.14375 0.184375
25 0.8359375 0.2640625 0.16875 0.2390625
25 0.86015625 0.79453125 0.1296875 0.1609375
25 0.91640625 0.5296875 0.11875 0.1171875
25 0.87265625 0.43203125 0.1375 0.1640625
25 0.4875 0.93828125 0.10625 0.115625
25 0.27109375 0.81640625 0.11875 0.1078125
25 0.21640625 0.55859375 0.103125 0.153125
25 0.121875 0.76875 0.171875 0.203125
25 0.06015625 0.91484375 0.0875 0.10625