2 0.4671875 0.578125 0.1671875 0.33125
2 0.6953125 0.65234375 0.34375 0.1703125
2 0.61015625 0.7890625 0.2375 0.1
2 0.496875 0.87265625 0.1484375 0.1375
2 0.3359375 0.790625 0.240625 0.084375
2 0.1359375 0.79921875 0.2078125 0.2671875
2 0.29453125 0.9328125 0.2921875 0.1015625
2 0.2015625 0.67109375 0.371875 0.1609375
2 0.184375 0.509375 0.071875 0.1390625
2 0.0953125 0.34296875 0.190625 0.0671875
2 0.35859375 0.42421875 0.1203125 0.3046875
2 0.271875 0.23125 0.10625 0.2078125
2 0.13515625 0.20234375 0.1609375 0.134375
2 0.721875 0.25546875 0.2234375 0.2359375
2 0.77265625 0.3890625 0.2546875 0.075
2 0.53046875 0.32734375 0.1703125 0.1328125
2 0.825 0.45859375 0.1859375 0.09375
2 0.7921875 0.7671875 0.1484375 0.1453125
2 0.5546875 0.15859375 0.1078125 0.203125