17 0.5828125 0.0921875 0.165625 0.15625
17 0.87421875 0.06796875 0.2359375 0.1046875
17 0.7234375 0.4875 0.5 0.184375
17 0.353125 0.4203125 0.2015625 0.23125
17 0.175 0.54609375 0.253125 0.0828125
17 0.30703125 0.6171875 0.2078125 0.1265625
17 0.53515625 0.628125 0.234375 0.2265625
17 0.73359375 0.7390625 0.234375 0.159375
17 0.4671875 0.81015625 0.3359375 0.16875
17 0.13125 0.9078125 0.259375 0.0796875
17 0.08359375 0.7078125 0.1671875 0.15625
17 0.7421875 0.14296875 0.1890625 0.0765625
17 0.65390625 0.3109375 0.1359375 0.2109375
17 0.809375 0.32109375 0.1125 0.1765625