2 0.4375 0.6296875 0.16875 0.39375
2 0.6109375 0.39921875 0.321875 0.1046875
2 0.66953125 0.2890625 0.346875 0.1515625
2 0.4265625 0.2046875 0.1453125 0.3671875
2 0.271875 0.4234375 0.278125 0.090625
2 0.20234375 0.54765625 0.3515625 0.1828125
2 0.5984375 0.5765625 0.175 0.2265625
2 0.7875 0.84921875 0.1828125 0.3015625
2 0.5203125 0.9375 0.371875 0.125
2 0.3203125 0.9546875 0.225 0.0875
2 0.1828125 0.846875 0.1296875 0.1171875
2 0.3375 0.81875 0.146875 0.08125
2 0.15078125 0.66796875 0.2078125 0.0890625
2 0.2234375 0.16953125 0.2765625 0.171875
2 0.78671875 0.16015625 0.2234375 0.215625
2 0.78359375 0.48203125 0.0921875 0.1171875
2 0.0765625 0.49921875 0.153125 0.2796875