2 0.46796875 0.4296875 0.159375 0.33125
2 0.70625 0.3515625 0.340625 0.1703125
2 0.615625 0.2125 0.2421875 0.1
2 0.49765625 0.12265625 0.146875 0.1390625
2 0.334375 0.20859375 0.2375 0.078125
2 0.134375 0.19765625 0.1984375 0.2734375
2 0.296875 0.0640625 0.30625 0.1078125
2 0.2078125 0.3296875 0.3859375 0.165625
2 0.18515625 0.49375 0.0734375 0.15
2 0.37578125 0.58203125 0.15 0.309375
2 0.09921875 0.66484375 0.1984375 0.075
2 0.26953125 0.76796875 0.096875 0.2109375
2 0.71953125 0.753125 0.2265625 0.225
2 0.76953125 0.61328125 0.265625 0.0703125
2 0.815625 0.54609375 0.2109375 0.0890625
2 0.528125 0.678125 0.159375 0.1328125
2 0.79609375 0.23828125 0.1453125 0.153125
2 0.66015625 0.14375 0.1890625 0.071875
2 0.5546875 0.84453125 0.1140625 0.2046875