17 0.85390625 0.35859375 0.1921875 0.1890625
17 0.88828125 0.6734375 0.1328125 0.1609375
17 0.90234375 0.7828125 0.1625 0.2703125
17 0.73671875 0.43359375 0.2671875 0.2234375
17 0.73046875 0.65703125 0.1328125 0.128125
17 0.55 0.14765625 0.0953125 0.25625
17 0.578125 0.41484375 0.1359375 0.190625
17 0.390625 0.35 0.2484375 0.15
17 0.43203125 0.171875 0.1890625 0.1984375
17 0.51328125 0.62734375 0.16875 0.21875
17 0.653125 0.5796875 0.15 0.2234375
17 0.57578125 0.87421875 0.11875 0.2515625
17 0.1265625 0.9 0.23125 0.1265625
17 0.3078125 0.69921875 0.378125 0.25