2 0.5828125 0.51015625 0.2171875 0.084375
2 0.51328125 0.68203125 0.075 0.25
2 0.42734375 0.6515625 0.0625 0.2546875
2 0.3328125 0.5203125 0.165625 0.084375
2 0.39609375 0.38828125 0.0625 0.2171875
2 0.4734375 0.48671875 0.1171875 0.06875
2 0.52421875 0.34765625 0.09375 0.2171875
2 0.5 0.32109375 0.1015625 0.046875
2 0.73359375 0.42890625 0.109375 0.16875
2 0.875 0.3734375 0.171875 0.1546875
2 0.8859375 0.16015625 0.1484375 0.1359375
2 0.9375 0.72421875 0.125 0.09375
2 0.93046875 0.86328125 0.1390625 0.18125
2 0.80546875 0.80078125 0.1109375 0.09375
2 0.821875 0.63203125 0.0703125 0.1828125
2 0.65546875 0.225 0.053125 0.15625
2 0.62109375 0.321875 0.0921875 0.053125
2 0.725 0.26953125 0.0953125 0.103125