4 0.50234375 0.725 0.2359375 0.3625
4 0.7453125 0.5671875 0.4296875 0.1625
4 0.790625 0.44921875 0.2359375 0.0921875
4 0.73046875 0.68984375 0.2328125 0.11875
4 0.7265625 0.8390625 0.2265625 0.1328125
4 0.2609375 0.73046875 0.2296875 0.20625
4 0.278125 0.55390625 0.4046875 0.1640625
4 0.5140625 0.35703125 0.2234375 0.3578125
4 0.7875 0.26796875 0.0921875 0.134375
4 0.89453125 0.1546875 0.146875 0.1859375
4 0.40625 0.19140625 0.2390625 0.128125
4 0.22734375 0.30234375 0.1203125 0.196875
4 0.14375 0.090625 0.159375 0.18125