14 0.4078125 0.42734375 0.18125 0.2515625
14 0.5453125 0.615625 0.178125 0.234375
14 0.4296875 0.13828125 0.1171875 0.20625
14 0.565625 0.2 0.1984375 0.153125
14 0.69453125 0.85625 0.1140625 0.2109375
14 0.7390625 0.71171875 0.1359375 0.14375
14 0.75546875 0.575 0.0953125 0.1421875
14 0.74609375 0.43203125 0.09375 0.15625
14 0.7984375 0.3625 0.065625 0.125
14 0.69296875 0.25234375 0.0953125 0.1375
14 0.05625 0.7796875 0.1125 0.153125
14 0.1171875 0.91328125 0.1046875 0.1609375
14 0.04765625 0.0625 0.09375 0.0921875
14 0.12734375 0.03984375 0.0796875 0.0734375
14 0.81953125 0.04375 0.0703125 0.0875
14 0.83515625 0.1671875 0.08125 0.103125
14 0.57265625 0.4203125 0.1546875 0.1984375
14 0.84921875 0.73515625 0.1109375 0.2375
14 0.0734375 0.4875 0.0625 0.09375
14 0.2359375 0.47265625 0.0640625 0.109375
14 0.225 0.5890625 0.0671875 0.121875