25 0.65234375 0.55 0.2671875 0.384375
25 0.42109375 0.4453125 0.1953125 0.2703125
25 0.428125 0.740625 0.1734375 0.271875
25 0.2484375 0.5671875 0.196875 0.3421875
25 0.49375 0.290625 0.225 0.275
25 0.8453125 0.603125 0.2140625 0.2390625
25 0.7375 0.39453125 0.1890625 0.234375
25 0.55 0.07265625 0.140625 0.1453125
25 0.2171875 0.0734375 0.1 0.125
25 0.0734375 0.8125 0.1234375 0.1734375
25 0.1921875 0.778125 0.115625 0.1453125
25 0.13515625 0.91796875 0.1078125 0.1375
25 0.79140625 0.07578125 0.1359375 0.1375