4 0.74921875 0.56875 0.4265625 0.1640625
4 0.7875 0.45078125 0.2328125 0.0890625
4 0.51953125 0.35859375 0.21875 0.359375
4 0.278125 0.553125 0.4046875 0.165625
4 0.2609375 0.73203125 0.23125 0.2078125
4 0.50546875 0.72578125 0.2328125 0.3640625
4 0.725 0.840625 0.2203125 0.1359375
4 0.7328125 0.68984375 0.225 0.121875
4 0.78515625 0.26796875 0.0921875 0.1265625
4 0.95078125 0.26015625 0.0984375 0.125
4 0.89140625 0.15078125 0.1484375 0.1765625
4 0.78984375 0.2 0.20625 0.0875
4 0.228125 0.30546875 0.1203125 0.190625
4 0.34609375 0.328125 0.140625 0.1765625
4 0.4078125 0.19296875 0.2375 0.1296875
4 0.1453125 0.09296875 0.15625 0.1859375
4 0.103125 0.2203125 0.20625 0.1046875