2 0.82421875 0.35390625 0.1671875 0.2
2 0.828125 0.48515625 0.18125 0.065625
2 0.7109375 0.578125 0.1921875 0.115625
2 0.7546875 0.68203125 0.228125 0.0953125
2 0.6015625 0.7015625 0.0828125 0.1265625
2 0.86015625 0.65078125 0.0859375 0.1390625
2 0.603125 0.353125 0.1671875 0.1859375
2 0.5875 0.51953125 0.3 0.0734375
2 0.56171875 0.5671875 0.2515625 0.1421875
2 0.4953125 0.69609375 0.1296875 0.1015625
2 0.25234375 0.82734375 0.203125 0.18125
2 0.196875 0.58359375 0.1546875 0.2546875
2 0.4015625 0.34765625 0.1234375 0.2359375
2 0.24453125 0.4765625 0.290625 0.1015625
2 0.328125 0.67734375 0.1796875 0.0921875