17 0.0625 0.58671875 0.125 0.1765625
17 0.03828125 0.88828125 0.0765625 0.2234375
17 0.28203125 0.82734375 0.1890625 0.115625
17 0.28046875 0.665625 0.2640625 0.14375
17 0.47578125 0.75859375 0.190625 0.4828125
17 0.71484375 0.75234375 0.1578125 0.24375
17 0.62421875 0.54921875 0.21875 0.2359375
17 0.78671875 0.4875 0.153125 0.315625
17 0.4 0.3640625 0.23125 0.209375
17 0.609375 0.3265625 0.1328125 0.2203125
17 0.53515625 0.18203125 0.0859375 0.2625
17 0.89453125 0.153125 0.071875 0.2828125
17 0.69296875 0.08671875 0.159375 0.1734375