17 0.27734375 0.328125 0.2640625 0.1484375
17 0.28046875 0.1609375 0.1921875 0.121875
17 0.0609375 0.409375 0.121875 0.1828125
17 0.0328125 0.11015625 0.065625 0.2203125
17 0.09140625 0.23359375 0.0890625 0.2109375
17 0.4015625 0.63828125 0.234375 0.2140625
17 0.4765625 0.2421875 0.190625 0.484375
17 0.53984375 0.81328125 0.0875 0.271875
17 0.634375 0.4375 0.21875 0.2484375
17 0.696875 0.9109375 0.159375 0.178125
17 0.6140625 0.67421875 0.140625 0.20625
17 0.8984375 0.84375 0.08125 0.28125
17 0.7203125 0.23203125 0.159375 0.24375
17 0.790625 0.49140625 0.1625 0.3515625