2 0.31328125 0.5046875 0.396875 0.1578125
2 0.578125 0.71015625 0.1125 0.3828125
2 0.72578125 0.53359375 0.31875 0.1609375
2 0.58125 0.28203125 0.1234375 0.3984375
2 0.50390625 0.2640625 0.0953125 0.3796875
2 0.47265625 0.759375 0.1078125 0.403125
2 0.6375 0.7984375 0.2921875 0.2203125
2 0.7765625 0.778125 0.18125 0.11875
2 0.70234375 0.18046875 0.2578125 0.203125
2 0.14140625 0.7953125 0.171875 0.0875
2 0.2625 0.9 0.0703125 0.2
2 0.3328125 0.79296875 0.1578125 0.0953125
2 0.21640625 0.64765625 0.1125 0.196875
2 0.18515625 0.25625 0.103125 0.209375
2 0.1109375 0.36484375 0.1796875 0.09375
2 0.40234375 0.0921875 0.1984375 0.109375
2 0.3359375 0.6671875 0.0515625 0.13125
2 0.25859375 0.33359375 0.059375 0.0828125