19 0.77890625 0.91796875 0.09375 0.1140625
19 0.7734375 0.7578125 0.09375 0.1296875
19 0.6546875 0.825 0.0953125 0.1046875
19 0.55703125 0.79140625 0.1140625 0.1609375
19 0.45078125 0.75078125 0.06875 0.0828125
19 0.39375 0.771875 0.1125 0.1484375
19 0.40625 0.53671875 0.1078125 0.1359375
19 0.45546875 0.6265625 0.0859375 0.0984375
19 0.309375 0.5171875 0.1015625 0.1296875
19 0.31796875 0.29765625 0.075 0.109375
19 0.31484375 0.40703125 0.0828125 0.090625
19 0.190625 0.409375 0.0859375 0.1125
19 0.2515625 0.57578125 0.0734375 0.0984375
19 0.10234375 0.06015625 0.08125 0.1140625
19 0.26328125 0.11796875 0.059375 0.0890625
19 0.42578125 0.26328125 0.09375 0.1328125
19 0.5234375 0.36328125 0.1 0.1140625
19 0.59375 0.459375 0.1 0.1484375
19 0.6125 0.2765625 0.084375 0.1015625
19 0.64609375 0.62421875 0.103125 0.1453125
19 0.128125 0.28828125 0.0640625 0.084375