2 0.4546875 0.42265625 0.1609375 0.3390625
2 0.690625 0.34921875 0.346875 0.175
2 0.6046875 0.20703125 0.246875 0.1015625
2 0.48828125 0.121875 0.1515625 0.15
2 0.32578125 0.20234375 0.253125 0.078125
2 0.1171875 0.190625 0.20625 0.2703125
2 0.28515625 0.05390625 0.3140625 0.103125
2 0.19765625 0.32265625 0.3828125 0.1734375
2 0.75703125 0.61015625 0.265625 0.0703125
2 0.70625 0.75078125 0.228125 0.2203125
2 0.51328125 0.671875 0.1640625 0.125
2 0.16953125 0.48984375 0.0734375 0.1578125
2 0.09453125 0.6609375 0.1890625 0.0796875
2 0.04609375 0.54921875 0.0921875 0.1765625
2 0.35859375 0.58359375 0.1515625 0.2921875
2 0.2546875 0.76953125 0.1078125 0.2078125
2 0.8125 0.5453125 0.203125 0.0890625
2 0.7890625 0.2328125 0.1390625 0.153125