2 0.58515625 0.4921875 0.28125 0.0671875
2 0.4203125 0.5515625 0.0609375 0.1390625
2 0.29296875 0.4640625 0.2328125 0.0625
2 0.44609375 0.4203125 0.0640625 0.11875
2 0.4296875 0.3640625 0.084375 0.1796875
2 0.2359375 0.54296875 0.05 0.1171875
2 0.1515625 0.67734375 0.1671875 0.0484375
2 0.26171875 0.65390625 0.059375 0.0875
2 0.41171875 0.70234375 0.0703125 0.16875
2 0.60703125 0.54296875 0.2953125 0.05625
2 0.5890625 0.57734375 0.2046875 0.05625
2 0.17421875 0.5546875 0.0859375 0.115625
2 0.35390625 0.9203125 0.1359375 0.159375
2 0.70078125 0.9390625 0.0828125 0.121875
2 0.8359375 0.928125 0.1953125 0.14375
2 0.765625 0.81015625 0.090625 0.1015625
2 0.60703125 0.83203125 0.203125 0.05625
2 0.74140625 0.74453125 0.0953125 0.1515625
2 0.1671875 0.96171875 0.2265625 0.0765625
2 0.21875 0.75234375 0.090625 0.103125
2 0.278125 0.57109375 0.23125 0.1109375